4096
1000 1000
370 111
782 783
317 502
439 855
104 984
325 151
322 596
707 324
15 607
750 412
142 57
639 760
178 959
772 278
586 868
441 666
124 836
420 371
558 786
353 345
885 884
715 211
46 273
273 841
725 862
284 483
654 331
260 804
351 433
856 129
751 841
977 981
847 536
930 348
270 491
998 533
17 812
119 716
238 381
481 787
462 598
386 793
330 398
144 206
809 834
996 205
385 808
442 444
27 609
636 365
17 952
243 8
540 813
30 713
771 838
416 907
275 773
190 10
55 704
112 841
103 389
918 887
441 530
449 798
74 949
473 783
501 349
201 276
399 407
358 153
619 647
348 369
851 797
251 858
512 368
517 732
68 233
761 721
505 777
501 74
965 217
178 582
988 761
265 493
771 931
761 152
968 978
289 357
705 569
280 526
374 260
450 789
789 637
81 881
482 499
790 786
958 584
492 670
760 942
93 700
255 428
504 997
489 713
779 633
465 24
780 761
907 477
881 572
573 674
575 747
217 813
85 632
684 779
372 113
296 834
175 619
328 133
793 21
998 3
946 957
30 965
44 676
632 409
920 298
883 396
378 798
934 488
834 531
201 503
642 634
550 248
97 885
846 579
676 609
8 349
840 698
184 91
709 495
320 552
870 827
743 726
608 267
790 688
587 503
873 139
997 571
684 895
416 162
208 716
432 85
185 548
758 238
963 432
905 813
786 50
502 759
882 675
436 64
289 32
313 107
369 69
342 377
914 543
12 298
69 742
296 298
918 175
397 674
647 619
710 145
71 328
593 242
850 66
992 609
29 727
478 270
141 929
228 69
507 28
425 439
516 272
206 444
445 583
369 842
600 904
182 707
90 885
958 793
868 696
780 150
451 620
620 352
939 492
979 156
996 464
807 434
264 682
608 651
38 589
262 388
90 138
20 176
810 674
621 767
250 106
24 379
577 851
697 281
494 859
869 331
751 398
196 496
59 927
51 170
255 890
484 869
346 876
559 559
53 510
551 249
454 622
462 126
743 840
562 985
525 571
174 301
498 747
391 288
402 254
222 706
971 197
729 663
964 649
100 671
681 645
523 214
760 68
729 609
837 776
53 198
941 357
629 873
281 194
383 996
241 748
528 572
547 558
438 434
914 81
40 134
173 476
663 780
427 12
858 383
739 567
662 27
618 336
559 523
607 756
160 283
937 63
958 3
982 172
689 18
383 920
526 69
916 304
483 791
979 758
964 336
594 372
222 649
657 368
289 160
820 187
159 577
710 753
938 657
339 569
751 154
517 911
498 639
920 59
130 392
985 692
179 64
21 237
529 841
830 862
380 324
341 973
415 991
470 777
311 12
575 405
576 728
849 849
843 268
486 656
524 371
936 328
846 418
818 622
980 509
292 160
884 251
726 670
104 572
918 212
622 623
349 370
601 290
520 796
701 396
13 457
202 799
487 105
459 634
689 209
782 801
457 743
800 937
491 573
936 400
744 216
215 932
822 823
178 42
662 532
488 880
410 732
143 76
408 586
771 754
486 792
611 98
950 458
746 213
123 670
364 213
757 797
512 282
42 538
237 658
262 52
504 386
150 915
316 462
450 545
535 955
253 640
662 290
23 57
539 745
414 421
493 915
995 761
100 168
849 886
217 739
310 501
489 812
933 486
396 931
248 113
14 821
477 101
699 781
637 118
388 979
29 473
202 55
894 609
255 648
83 262
22 113
532 18
150 508
155 135
236 447
964 905
344 379
415 185
238 700
931 609
288 113
324 108
430 181
81 320
130 807
43 113
794 622
126 764
950 664
482 901
170 289
430 491
633 68
82 669
434 60
916 103
935 163
600 960
290 641
784 342
825 261
763 449
864 115
929 403
380 273
849 597
339 994
101 806
677 694
972 537
205 921
807 948
178 325
640 773
743 50
388 164
269 718
128 870
126 803
637 76
621 491
385 904
735 704
172 993
280 463
681 854
913 850
855 592
849 495
312 235
228 730
231 177
189 141
855 506
313 807
475 221
913 173
945 227
58 717
471 871
249 202
232 207
82 842
856 719
820 954
503 773
375 972
204 831
245 901
425 460
723 688
616 84
974 246
39 444
71 134
855 942
942 450
4 614
284 702
932 867
113 295
259 234
857 186
938 675
419 286
121 243
664 203
206 858
531 359
16 830
153 115
1000 406
724 667
534 481
153 368
258 794
645 844
911 186
995 759
754 743
518 465
441 415
433 69
283 591
962 47
77 682
175 222
310 347
892 879
209 968
840 455
612 133
129 552
463 878
461 778
666 18
87 808
17 773
277 813
692 809
569 298
940 161
650 458
294 428
674 610
236 37
71 101
938 130
402 145
595 751
380 50
681 681
941 915
779 122
192 241
359 668
98 150
122 776
24 980
793 403
245 114
129 267
250 78
360 621
44 573
857 645
842 329
994 855
553 491
282 879
348 847
737 367
44 746
892 890
954 604
188 910
91 433
327 837
899 171
429 465
765 45
296 265
131 279
977 703
228 835
86 986
975 718
691 220
919 963
514 945
879 677
638 613
781 742
127 908
255 998
512 941
403 803
418 105
656 236
564 226
80 876
226 304
777 929
246 568
878 712
404 970
796 540
688 560
885 489
28 307
254 171
846 813
153 379
265 52
982 121
54 413
402 178
404 76
697 796
588 15
62 48
533 696
603 480
250 154
348 690
446 142
25 747
377 954
359 499
963 381
428 564
692 115
659 78
557 662
974 124
19 965
620 538
198 660
546 255
818 9
269 255
544 55
202 694
385 76
32 396
760 443
387 971
675 411
713 708
351 471
35 394
42 165
116 679
532 499
267 448
741 759
967 627
541 641
786 978
481 384
717 453
523 623
998 731
39 907
365 451
929 36
329 93
92 971
853 326
611 298
55 135
373 644
599 369
87 799
310 166
995 197
945 865
6 286
397 234
717 343
750 124
334 644
800 133
740 214
886 611
771 725
619 528
466 154
137 817
785 997
652 646
791 69
225 720
844 275
128 85
465 618
510 574
798 614
270 657
468 728
775 949
418 444
563 461
134 131
840 0
995 674
812 191
52 530
435 970
672 778
873 71
532 515
732 382
448 436
644 255
475 427
835 920
768 390
565 803
733 76
953 90
226 898
435 15
788 286
204 604
98 812
367 153
500 144
39 703
948 551
233 152
802 763
575 873
801 554
644 932
490 452
282 69
966 142
787 20
278 714
712 860
250 500
590 255
293 220
26 35
414 334
189 418
596 451
861 983
453 887
105 30
838 413
242 912
561 37
96 397
650 829
901 30
182 671
445 210
18 798
284 942
914 625
943 746
167 796
587 811
65 736
209 831
39 275
667 766
558 78
959 837
798 938
436 710
190 983
66 504
80 466
756 694
348 157
670 433
91 938
728 320
665 178
362 66
905 490
941 122
959 221
38 474
34 407
653 267
611 726
333 167
538 70
936 431
36 571
76 38
598 950
25 100
819 448
967 907
340 124
832 689
612 865
337 226
352 406
659 404
298 276
752 618
56 461
108 266
129 359
45 478
362 844
107 38
602 501
269 289
756 620
342 594
488 46
164 626
398 841
734 16
218 60
651 279
94 120
834 403
396 230
208 543
751 920
976 994
102 143
576 551
916 711
54 18
600 968
628 251
997 25
204 579
142 895
904 182
523 322
848 464
57 124
784 354
758 90
341 752
492 327
461 466
628 741
575 491
606 290
16 697
153 344
608 165
844 804
716 754
572 122
883 245
945 110
704 563
669 129
253 382
96 269
539 984
627 417
73 244
840 886
350 635
574 852
892 657
341 6
146 711
587 219
401 801
290 200
330 734
797 510
258 772
672 679
712 893
755 29
588 168
963 18
749 533
982 237
727 528
171 488
284 453
95 920
702 322
776 603
763 11
599 744
115 847
120 984
339 343
695 193
177 886
203 292
30 779
772 601
105 913
942 48
256 742
205 634
632 540
377 226
294 66
1 91
778 787
25 489
97 170
450 962
10 198
242 943
589 541
843 883
252 941
695 610
937 34
345 520
738 34
922 735
866 299
535 480
427 62
743 524
116 951
113 41
992 842
679 336
634 351
234 828
109 587
354 997
693 147
911 792
654 576
376 731
131 398
639 780
558 801
183 952
892 483
577 452
305 469
538 489
164 145
892 253
201 632
919 392
309 307
978 812
5 830
948 49
321 519
720 29
14 953
18 94
12 561
741 879
230 978
718 796
471 113
531 630
788 270
847 54
101 286
759 393
680 603
140 214
109 829
568 66
155 341
884 10
378 163
253 145
751 935
832 212
591 400
732 389
732 433
258 623
191 650
220 584
122 251
38 31
365 868
66 593
393 469
329 521
115 22
93 77
851 209
361 232
441 205
536 381
703 950
755 36
312 661
848 529
250 179
899 558
943 384
138 144
964 502
207 804
616 441
151 922
67 167
589 409
667 163
209 785
866 833
619 182
157 927
961 965
72 696
184 513
921 624
571 326
782 581
477 987
600 491
592 128
721 195
189 791
896 415
482 270
44 129
694 453
461 565
498 633
587 407
926 929
396 281
372 218
83 921
40 148
732 100
482 258
790 144
976 452
616 936
987 599
818 526
357 638
187 980
568 294
650 520
552 70
309 396
749 546
710 440
949 740
236 874
489 151
634 602
240 982
194 957
994 413
305 16
145 877
423 438
929 206
996 175
313 944
544 403
197 914
292 724
895 775
684 334
266 797
835 30
187 488
261 572
250 389
327 618
548 448
703 255
549 210
280 646
800 25
863 726
384 252
423 442
958 260
731 282
4 893
719 277
998 185
389 187
693 472
964 262
131 815
865 704
615 753
656 744
261 229
794 790
833 73
134 188
931 100
942 829
617 419
311 781
288 656
450 78
818 576
845 523
342 348
527 83
628 744
240 561
425 32
657 306
986 213
554 554
549 905
770 564
719 806
54 845
377 285
382 707
429 222
493 161
203 822
926 74
10 113
40 446
170 175
25 970
381 96
830 853
943 610
610 348
216 254
604 662
491 514
377 722
822 943
819 468
660 386
205 868
801 242
342 169
507 451
763 815
517 483
240 528
824 293
801 54
693 908
399 704
1 897
375 648
944 83
578 17
244 310
105 822
282 162
361 153
531 296
620 280
447 361
756 776
213 562
39 959
766 33
966 170
227 98
810 236
234 305
211 388
374 246
706 898
267 648
739 173
982 895
527 908
172 636
792 690
687 588
680 225
127 417
281 976
13 555
514 201
148 716
60 963
885 473
803 707
849 622
940 980
321 404
881 143
216 336
409 734
326 855
6 773
95 667
777 771
272 803
710 891
779 810
853 860
172 355
496 401
610 439
31 623
681 829
196 212
324 176
134 944
261 755
60 918
592 699
697 747
832 3
107 737
730 255
321 734
490 949
504 426
703 576
191 547
510 108
228 633
635 824
434 217
661 116
937 7
307 998
961 260
977 292
521 513
610 522
593 931
557 286
833 581
334 328
390 780
585 60
933 957
727 21
435 384
474 593
129 171
633 916
222 608
638 642
45 709
613 289
811 4
866 921
949 863
187 781
903 880
519 863
939 654
978 150
805 35
997 535
492 638
848 207
475 663
586 495
433 769
570 905
590 26
81 566
481 926
390 27
508 603
647 469
955 133
969 215
740 945
430 582
211 298
559 287
763 672
460 454
322 419
126 950
31 886
611 369
103 167
871 996
515 285
426 586
240 966
650 728
124 897
734 922
310 625
509 74
181 948
971 156
739 482
193 525
506 244
429 651
72 786
555 852
609 681
923 695
551 875
962 53
626 786
631 856
365 778
780 233
404 873
222 588
201 170
15 133
627 275
109 917
684 94
961 719
505 841
535 388
814 576
76 118
790 761
1000 199
532 649
213 588
267 531
197 111
862 585
348 746
755 303
158 453
427 273
477 709
131 470
625 270
844 542
871 393
66 397
406 888
479 283
515 616
523 279
5 363
908 504
145 460
110 365
730 182
684 686
486 586
911 233
866 422
397 455
155 590
722 620
942 37
672 257
742 184
277 82
878 660
73 513
467 629
491 956
101 52
623 656
5 84
364 371
727 178
101 193
827 520
841 723
654 532
767 138
255 221
971 223
250 72
558 99
511 193
82 619
523 431
541 220
757 308
674 473
38 446
903 607
530 439
939 506
528 527
398 963
748 402
128 567
915 456
195 436
614 115
542 14
816 857
976 23
120 149
774 303
198 110
887 229
502 439
352 210
792 846
509 902
476 1
706 402
425 848
371 255
265 686
563 693
714 463
73 545
797 576
106 289
854 32
554 868
327 183
324 595
698 165
156 711
305 728
838 163
274 50
176 680
474 808
109 43
24 99
271 672
935 51
464 207
625 446
269 906
811 630
335 894
640 771
345 4
947 872
710 420
92 68
650 478
790 23
196 42
763 933
757 841
585 697
950 883
249 564
423 152
275 715
819 704
485 79
859 52
72 467
499 370
911 610
877 142
100 879
135 28
817 390
110 632
857 321
169 957
128 345
429 89
162 682
457 581
921 981
925 718
143 901
335 484
124 838
276 209
158 338
132 273
1000 970
113 929
201 619
199 517
114 775
476 494
162 886
241 459
93 690
254 50
696 423
303 695
81 346
164 150
883 364
233 430
809 56
22 646
730 850
82 8
914 203
401 748
276 797
47 647
453 699
518 632
621 419
618 445
539 473
631 403
874 204
879 350
597 485
947 87
553 684
819 4
549 644
187 240
775 433
687 269
501 525
288 359
791 590
566 801
645 149
567 221
875 412
176 719
388 377
325 701
483 949
646 316
644 136
206 429
754 856
179 404
411 281
299 266
672 911
367 402
819 807
57 632
252 589
239 215
442 356
717 37
325 796
615 751
717 275
58 262
997 164
549 78
832 575
329 705
223 918
732 955
633 891
721 370
693 543
68 505
979 590
66 555
533 490
718 108
906 371
257 561
769 71
938 884
127 946
237 55
762 957
894 905
418 172
329 526
162 355
267 608
776 575
54 306
625 707
761 738
218 222
458 146
730 692
692 18
711 480
651 639
208 252
423 211
870 615
429 736
305 541
822 547
783 730
302 435
419 321
788 756
265 877
128 474
215 678
141 356
364 904
878 25
707 815
52 570
800 45
612 324
850 902
162 601
471 40
20 115
382 944
595 760
475 877
771 249
422 393
725 269
11 833
807 916
937 823
148 771
201 421
823 395
484 762
240 229
351 89
56 93
409 317
930 652
490 605
76 904
586 500
797 989
70 733
579 817
440 277
908 371
827 947
483 456
619 103
576 494
40 866
577 254
740 754
330 659
504 995
85 375
945 993
166 740
427 312
701 835
930 895
780 567
515 97
930 784
193 646
50 9
883 380
870 668
908 213
690 627
187 505
938 909
75 720
596 822
931 831
222 728
985 76
540 688
353 876
139 183
482 640
568 954
377 503
405 47
645 759
184 315
865 589
703 972
878 993
395 578
887 695
619 517
303 728
339 627
527 705
749 194
407 926
540 18
844 663
568 51
330 881
54 78
788 808
206 210
342 201
992 237
996 344
792 868
585 781
65 658
466 916
792 529
360 656
971 756
179 689
697 522
22 978
403 393
285 475
220 65
755 820
704 266
871 134
987 301
462 673
904 350
545 750
295 535
112 752
526 402
665 323
889 202
889 30
624 571
183 548
124 809
360 277
561 558
500 83
663 884
233 707
24 975
143 84
694 653
850 91
137 218
757 454
194 983
911 420
395 132
931 78
281 787
496 701
21 262
340 920
710 886
964 92
558 209
207 399
457 142
404 53
320 613
957 16
356 333
488 322
265 423
306 990
979 617
19 398
47 355
64 354
502 758
68 241
733 850
665 306
939 922
141 474
690 753
215 768
62 100
34 681
438 496
622 969
728 288
565 698
32 276
598 122
268 267
301 959
307 419
915 44
425 712
841 486
343 848
475 110
101 898
872 851
398 905
438 340
647 601
255 58
780 484
97 861
440 590
585 980
129 636
224 664
585 277
822 451
494 558
183 750
228 558
123 344
125 355
510 886
409 307
825 517
116 534
886 788
675 369
840 459
181 322
936 433
781 601
111 27
606 953
973 600
884 449
725 793
329 246
999 553
19 932
688 736
862 341
309 879
666 733
552 111
862 622
79 545
572 543
218 292
999 181
331 381
512 83
90 422
774 588
876 289
713 743
415 932
540 849
194 66
741 866
80 557
911 338
555 428
397 903
743 179
667 603
301 208
262 161
795 738
171 653
421 841
987 110
620 320
331 744
673 268
283 929
731 587
684 602
230 209
726 498
830 439
411 710
755 121
342 119
247 74
54 987
280 298
595 89
795 523
568 967
183 721
803 292
668 65
599 318
535 703
6 519
192 296
972 853
868 259
739 805
297 347
341 572
504 188
990 49
500 926
160 206
650 675
401 462
748 691
777 688
517 6
816 296
509 504
328 562
500 690
779 925
496 159
968 787
411 837
507 549
466 101
86 479
631 921
582 555
831 520
436 397
16 966
935 707
267 815
191 651
314 958
819 122
21 886
850 419
227 68
990 139
819 32
706 42
903 67
382 827
358 561
666 81
329 236
494 517
905 71
514 518
463 552
714 503
141 58
788 863
919 584
565 599
724 31
975 940
817 985
158 930
946 722
60 609
892 985
192 552
464 517
169 589
573 763
566 508
406 417
496 571
148 543
525 193
380 950
855 747
267 485
575 379
682 162
795 922
488 948
513 188
235 381
363 590
127 622
832 886
429 941
734 848
408 750
14 931
938 682
201 926
495 685
500 432
631 776
484 564
303 63
210 88
489 958
414 469
922 211
978 360
304 131
918 953
173 584
351 852
131 448
546 231
107 450
49 865
599 275
653 591
155 735
686 300
61 872
948 199
447 37
256 246
531 775
421 159
656 526
616 529
434 124
16 411
374 994
246 590
844 340
575 126
19 409
813 323
526 942
166 4
186 762
863 971
383 491
211 56
42 281
21 773
434 671
94 583
497 699
212 722
687 567
69 821
787 561
769 601
385 604
353 845
544 330
535 836
24 360
794 132
986 372
351 365
465 740
567 353
642 951
487 754
687 863
611 175
458 263
71 337
621 931
324 530
792 661
192 715
811 817
738 821
612 527
595 984
571 948
770 939
664 908
440 125
683 707
106 791
840 401
710 808
350 731
641 222
536 395
424 304
376 421
289 123
26 319
854 185
681 420
309 230
809 123
123 15
965 905
36 184
187 931
985 378
986 709
295 995
305 188
539 383
709 30
305 221
672 254
483 566
920 936
93 696
250 286
684 674
61 789
539 852
135 870
168 348
913 426
548 589
784 331
209 459
432 851
798 623
763 668
86 842
871 567
657 874
209 986
204 865
697 964
732 831
132 525
956 49
592 840
497 54
984 550
398 940
160 899
353 108
504 231
727 106
471 836
472 958
938 915
344 333
354 809
61 576
959 147
379 110
659 334
941 851
467 811
339 925
801 921
918 629
41 76
433 605
942 642
521 913
143 85
886 863
875 658
415 678
132 29
994 48
103 39
91 589
206 937
743 190
101 779
105 337
241 496
444 993
482 505
239 842
886 808
545 224
457 218
231 913
213 779
563 275
197 92
422 935
967 703
614 528
164 953
974 192
13 488
256 677
522 13
655 1
328 143
521 651
34 645
312 684
352 409
871 987
676 160
578 246
685 969
250 669
125 654
131 910
938 874
621 953
119 429
632 318
71 214
476 132
465 890
286 448
562 776
326 825
313 378
237 720
898 821
987 446
648 598
352 584
214 709
523 699
676 823
60 369
692 971
734 200
805 179
784 928
577 314
530 676
717 627
41 772
372 77
361 309
281 31
734 194
68 743
692 445
979 920
32 933
301 518
547 780
467 338
827 231
211 626
323 163
914 756
975 893
980 911
262 48
682 497
383 423
180 985
949 98
885 751
411 835
857 76
488 535
26 469
60 773
166 55
798 849
906 886
246 415
64 813
633 28
218 966
493 595
327 469
967 126
234 442
468 992
775 174
415 560
430 199
860 677
850 144
939 313
353 92
175 243
936 93
804 34
142 280
806 641
540 473
872 223
845 654
99 985
713 135
911 270
252 207
750 597
770 425
222 800
276 237
391 462
395 535
205 255
223 901
872 438
865 607
970 494
67 339
581 664
912 25
112 435
776 248
426 225
533 760
563 843
50 429
309 667
480 332
963 538
701 694
654 568
441 466
603 872
155 274
170 890
685 563
917 863
982 447
172 579
615 661
444 34
833 170
723 986
740 955
639 602
313 608
817 862
151 991
665 570
728 413
923 807
118 790
288 500
995 379
75 573
656 647
672 771
941 383
207 451
891 295
84 758
887 735
543 510
640 538
852 260
905 120
596 17
965 220
286 915
717 593
455 818
718 190
290 3
278 519
731 558
282 145
574 804
206 953
585 560
227 989
668 851
82 738
953 746
873 105
834 213
815 687
838 772
414 672
751 551
317 85
344 317
683 439
148 915
42 180
334 150
942 783
950 729
516 413
672 979
541 267
335 563
381 582
478 164
652 725
269 5
682 270
265 664
486 41
318 8
949 720
601 896
815 149
246 118
487 284
995 687
980 390
46 775
838 109
707 145
269 713
695 216
207 829
200 857
570 188
425 126
412 928
513 509
517 289
301 964
117 888
178 331
302 116
558 60
111 75
308 810
94 299
313 793
243 602
723 576
561 7
911 313
655 981
145 183
277 697
663 170
356 618
332 525
705 639
679 115
520 199
608 860
811 65
479 510
321 81
420 707
824 123
355 832
21 623
626 406
182 964
335 999
909 788
73 800
220 501
551 865
564 833
527 757
759 953
961 114
820 867
475 713
453 280
627 403
882 894
437 168
31 191
412 607
894 898
882 9
476 950
711 168
139 920
106 18
887 950
221 313
620 140
250 444
883 702
831 120
584 954
857 945
31 947
465 949
963 692
492 818
14 419
653 811
646 330
129 413
134 77
343 820
738 538
983 943
199 825
803 59
310 335
681 941
686 547
165 780
424 99
294 11
363 514
195 876
367 119
399 7
346 309
588 85
336 530
601 134
604 909
610 600
66 852
17 245
591 287
890 914
660 102
400 415
468 713
275 258
925 651
517 5
541 749
252 921
822 18
529 609
943 824
328 151
170 165
577 820
900 945
255 251
371 937
853 253
208 700
292 487
985 180
884 438
267 810
78 90
943 150
915 19
912 91
24 725
514 480
158 659
723 20
197 782
880 623
520 106
112 954
103 706
369 776
963 374
566 409
515 177
730 131
999 424
360 59
7 284
319 210
505 561
662 517
42 765
202 763
902 387
690 531
957 665
798 350
73 571
651 13
924 340
632 799
235 671
194 157
504 155
744 543
182 231
776 497
235 539
95 349
533 747
678 801
605 633
851 907
72 994
592 575
43 846
15 903
174 843
178 349
100 870
19 921
94 917
763 406
228 386
756 888
125 216
343 880
435 187
510 709
920 417
196 225
895 450
187 113
652 344
337 70
578 866
96 751
770 668
703 638
890 652
264 839
763 996
510 827
199 709
785 901
931 813
941 434
18 224
615 837
415 123
835 872
562 796
7 873
712 715
51 846
95 622
766 408
571 725
464 10
337 566
557 444
285 299
809 301
690 144
187 821
435 197
459 991
749 49
189 725
115 743
797 388
141 423
927 408
20 468
33 173
323 151
600 542
356 554
451 75
607 693
121 660
330 470
722 217
299 611
827 163
771 941
227 607
75 162
400 87
788 95
637 224
332 821
83 229
730 927
602 292
956 969
343 309
684 444
247 166
365 613
230 381
610 151
32 135
132 298
700 528
169 180
446 55
711 694
992 695
553 248
350 758
956 339
349 708
125 823
686 307
834 429
383 227
636 518
700 678
648 204
500 856
193 345
30 459
887 143
588 778
457 523
804 599
235 757
960 520
219 275
54 307
579 495
23 199
966 186
377 333
887 282
442 735
561 102
461 689
598 321
634 650
948 943
273 136
289 872
563 247
401 138
673 589
933 228
422 497
171 158
838 386
698 870
222 203
779 189
216 763
371 676
212 732
877 285
384 903
439 334
145 507
876 165
446 547
851 621
339 49
687 258
331 435
708 130
233 489
262 253
646 708
714 868
1000 754
953 98
953 164
358 478
232 259
999 434
961 151
795 159
711 482
650 822
304 733
748 301
821 105
266 589
919 174
324 772
564 58
169 411
331 374
812 643
357 979
297 307
164 940
478 51
272 361
116 152
188 444
491 654
233 275
86 658
215 579
95 653
933 604
138 95
871 798
897 193
420 946
893 508
555 955
506 968
258 464
302 857
945 463
175 501
915 341
93 182
312 17
467 136
720 433
945 894
944 37
651 755
561 357
475 41
988 616
204 25
451 567
759 965
86 178
558 819
161 958
530 783
226 120
163 396
160 158
504 62
229 643
381 329
707 520
351 918
731 93
382 404
460 784
149 465
4 751
12 43
39 605
740 308
97 185
605 457
574 304
441 186
28 663
623 978
374 581
683 125
690 493
34 948
386 301
485 674
833 603
511 948
397 83
407 841
578 521
997 790
246 159
512 593
137 273
645 334
213 297
323 62
63 382
661 858
721 270
448 590
127 863
6 716
964 695
242 742
817 190
714 996
828 577
273 248
486 60
434 291
969 26
219 102
144 692
418 869
652 420
902 812
577 24
869 420
292 943
983 410
510 530
287 210
525 878
9 168
379 290
919 253
609 789
686 144
411 919
549 743
126 598
411 496
271 318
136 467
145 482
88 132
582 298
202 667
457 156
298 964
129 810
649 862
345 384
583 945
441 691
465 251
318 827
924 610
89 786
58 441
80 551
835 585
441 637
673 814
168 139
434 966
355 30
908 243
334 701
505 856
361 11
536 454
907 103
532 660
928 665
752 323
786 366
209 43
86 940
195 883
966 76
2 10
382 343
936 24
478 329
501 623
34 363
261 152
839 622
650 985
730 62
785 4
287 826
467 527
667 996
150 225
341 379
569 62
495 689
459 798
371 254
574 583
634 205
364 309
580 487
107 644
28 458
805 678
740 292
661 586
823 832
152 671
676 83
411 601
268 734
761 221
957 438
791 98
497 277
465 954
420 654
928 561
592 790
698 975
37 43
398 81
919 890
215 543
147 35
969 0
994 656
902 999
307 177
316 232
470 449
342 881
667 156
333 575
227 687
247 293
243 392
539 644
23 359
533 585
328 459
412 134
655 227
768 595
620 161
728 619
346 10
398 710
303 115
593 802
451 21
405 764
802 485
830 600
236 395
351 61
329 681
750 30
481 937
525 267
863 939
774 846
450 777
205 576
416 374
635 239
764 171
307 621
64 98
225 837
796 323
280 372
612 677
256 203
109 624
583 415
245 262
180 352
686 827
536 597
330 453
850 113
719 421
160 437
783 74
926 606
124 971
389 631
540 791
864 442
882 863
488 271
735 134
157 37
75 361
902 185
522 622
205 512
868 366
428 924
833 929
481 507
346 380
406 470
437 460
169 491
880 835
75 654
657 270
937 109
360 333
981 5
810 198
975 16
848 984
327 25
805 121
766 923
160 629
826 980
396 312
326 487
572 237
803 908
301 102
225 864
909 128
407 435
77 742
712 979
802 769
284 745
161 159
712 892
917 557
891 597
447 226
491 400
663 840
642 387
691 493
708 487
832 434
239 342
355 505
129 620
565 421
99 974
93 754
674 819
360 593
700 135
643 760
158 548
729 422
377 405
645 203
882 864
949 639
12 211
789 566
797 217
731 234
684 500
360 206
872 362
918 190
613 170
961 179
207 401
268 753
706 721
431 917
377 630
914 608
727 890
645 429
687 983
966 726
47 719
199 589
491 492
368 612
655 848
61 136
545 459
122 449
957 246
147 320
996 674
320 824
899 661
835 904
849 864
937 56
947 56
643 209
67 98
334 464
442 895
376 166
582 536
983 466
943 708
956 325
732 603
836 779
605 335
455 769
326 91
642 199
665 699
823 195
1000 58
563 187
864 773
683 250
372 667
512 118
51 984
325 500
606 937
481 865
291 374
45 412
84 958
673 764
182 181
309 549
600 47
673 317
97 337
174 171
183 118
596 95
131 713
357 187
929 332
727 996
316 183
721 636
300 538
977 246
768 617
807 606
159 823
981 386
938 740
55 941
36 474
957 167
453 645
930 796
850 10
806 524
527 938
701 880
900 721
290 86
781 395
723 820
300 418
139 976
267 627
696 653
770 695
154 409
464 700
23 795
800 463
773 919
774 274
934 769
227 756
835 384
636 334
36 381
476 7
110 657
41 973
345 483
292 543
901 635
608 286
798 665
829 187
819 176
634 537
110 768
788 260
121 221
76 809
434 190
770 44
231 42
977 903
591 178
809 742
377 404
90 104
391 256
50 287
390 434
780 266
683 105
942 397
325 3
489 254
961 768
225 216
830 797
412 505
651 968
398 768
183 629
84 33
975 572
960 266
767 678
954 327
399 280
983 217
467 421
515 788
49 450
184 226
34 587
275 169
93 552
471 269
509 261
897 713
636 624
952 406
142 978
210 338
555 112
288 6
540 549
934 948
483 147
818 577
467 754
372 547
935 136
475 263
788 993
534 892
999 427
959 82
521 860
908 702
538 659
829 56
74 657
838 559
425 991
365 720
549 269
140 668
141 718
363 746
916 544
128 256
61 255
678 100
194 314
439 84
539 67
664 294
839 673
731 740
392 599
184 102
122 369
486 887
676 653
811 27
468 505
253 547
682 694
216 26
888 232
520 9
504 622
392 293
504 118
995 268
778 915
651 205
819 746
33 334
88 753
441 886
638 587
617 633
3 408
999 943
326 73
505 527
340 278
265 350
982 713
154 334
945 332
806 392
822 822
722 617
175 141
476 747
226 997
933 601
246 544
376 104
855 683
265 249
975 363
656 227
45 970
968 845
472 664
737 303
394 227
480 745
844 750
907 166
161 39
148 107
918 940
1 162
826 677
750 698
803 494
895 584
30 280
516 81
847 216
502 764
990 281
960 661
636 141
72 240
62 364
437 668
177 37
277 378
371 744
297 481
899 331
123 714
269 22
972 579
980 497
516 405
272 335
719 400
798 647
741 307
519 637
885 660
401 266
939 478
488 468
238 121
162 303
766 888
104 912
591 2
690 447
792 798
453 7
320 406
927 545
494 78
520 877
363 902
846 289
776 499
514 286
458 802
587 746
58 366
612 591
16 731
287 196
352 668
353 524
251 447
749 150
48 222
426 297
459 609
618 765
854 128
823 773
534 975
838 785
634 847
589 407
961 688
58 475
219 899
578 185
323 481
975 272
604 696
495 421
49 634
545 334
866 972
503 132
759 775
110 646
808 773
449 322
1000 176
47 428
81 151
185 64
976 817
679 773
796 529
910 802
47 653
715 19
883 83
920 822
225 88
943 336
41 211
407 542
601 304
182 280
311 768
41 79
58 130
316 881
877 803
111 129
943 547
979 1
331 867
845 222
212 559
235 305
448 252
467 552
985 354
36 143
905 710
735 528
281 102
895 340
118 771
73 806
71 509
525 461
334 214
768 386
44 278
574 495
35 173
544 62
201 502
695 205
691 869
904 232
55 29
754 277
891 59
789 196
395 254
337 714
140 314
956 298
66 393
640 271
505 212
103 67
694 103
532 189
564 295
959 552
749 470
164 883
313 152
649 987
62 788
402 348
253 155
260 203
347 327
90 392
198 949
843 646
197 447
172 908
634 577
312 992
40 201
138 303
390 315
897 42
565 575
587 966
734 457
524 995
568 751
821 969
760 328
600 820
528 659
543 560
91 142
659 299
170 63
748 969
967 36
415 934
745 710
809 545
618 87
394 189
974 57
564 273
214 974
515 272
173 175
926 543
733 287
74 923
602 823
211 328
603 378
117 584
1000 285
433 275
371 837
910 992
495 382
776 28
390 739
370 714
387 850
814 824
754 646
381 137
317 512
997 835
734 867
73 728
950 483
662 721
420 216
555 449
85 705
831 149
544 729
332 500
224 277
646 833
716 527
48 654
761 100
457 697
631 798
710 245
626 268
729 719
485 86
332 965
511 672
610 858
47 698
199 263
378 802
211 386
191 489
982 982
964 997
648 666
189 79
883 665
390 170
899 615
278 735
928 538
723 654
473 462
100 875
49 355
213 809
147 699
153 606
582 867
382 932
492 72
282 288
156 779
427 27
834 197
673 531
215 409
654 469
233 356
310 498
355 919
643 963
972 389
554 244
897 441
492 517
244 965
345 942
858 95
281 506
851 466
210 948
929 891
367 746
315 93
685 831
614 99
344 249
607 356
898 913
526 68
184 358
977 203
108 885
331 752
150 779
317 361
215 301
779 124
520 764
917 2
844 564
474 696
895 224
171 992
260 68
792 96
840 232
305 328
842 422
352 1
569 865
183 323
13 725
227 50
787 986
231 839
667 556
992 311
381 575
367 64
93 43
617 139
401 573
962 389
884 585
261 47
727 542
527 179
619 97
528 962
524 85
58 38
195 498
609 919
271 95
546 699
670 456
562 430
180 271
293 608
813 275
726 281
351 200
592 346
545 550
864 804
882 626
246 704
156 288
804 120
817 241
790 650
726 405
497 849
474 983
15 951
179 816
659 316
656 873
283 283
732 380
457 853
755 308
997 986
682 92
372 711
910 711
893 438
117 113
514 598
591 634
624 496
194 297
256 24
240 450
535 912
338 358
446 382
485 996
736 651
111 57
495 896
575 385
322 938
576 321
467 222
902 919
72 47
533 356
306 543
224 254
66 365
488 889
867 619
337 108
197 535
784 908
506 590
612 924
277 498
767 258
151 771
658 744
526 56
609 646
710 455
370 86
152 328
270 648
911 838
4 40
693 820
965 559
711 123
810 653
675 348
434 532
929 507
236 131
675 809
773 219
432 516
555 630
34 448
725 78
375 244
624 213
551 991
987 969
114 706
520 115
21 806
8 130
298 122
278 358
757 491
585 91
483 46
507 244
357 879
656 672
895 215
399 355
240 551
193 717
196 349
410 153
474 335
555 251
101 140
445 73
466 744
89 342
900 898
162 223
975 640
188 69
108 232
68 418
440 149
252 771
558 390
522 845
514 490
15 431
364 307
80 391
906 427
807 852
364 424
528 457
735 525
156 697
839 851
43 443
586 144
936 516
840 440
986 380
495 886
355 602
393 887
900 837
775 706
353 839
805 427
411 683
887 821
118 119
926 853
528 382
49 378
635 40
754 187
85 900
819 193
82 771
839 127
517 66
212 578
381 981
967 591
718 558
869 688
675 874
381 179
498 227
852 45
702 559
112 362
564 654
676 302
969 993
373 845
821 537
936 649
618 520
414 773
39 686
918 209
613 412
211 203
664 782
527 816
542 37
612 907
194 964
979 745
715 332
609 914
115 205
57 668
42 567
80 865
455 921
378 431
923 997
385 228
616 594
382 549
20 461
121 367
117 798
421 328
407 494
603 577
282 754
764 309
51 205
457 992
727 495
67 959
958 226
53 546
312 435
845 779
15 658
708 897
946 339
822 881
150 678
83 616
831 854
766 237
206 792
553 439
222 794
409 888
712 972
800 987
85 909
730 330
847 916
990 435
387 686
795 530
831 173
322 592
74 282
587 145
342 86
397 678
706 320
884 534
917 230
624 738
568 908
595 913
484 889
3 297
361 518
127 368
269 395
180 808
329 367
590 988
432 684
370 300
195 202
817 138
289 440
723 631
692 985
124 407
684 791
424 82
766 532
150 788
158 957
36 927
59 138
265 758
271 580
743 101
390 64
6 471
148 362
986 478
819 415
424 136
176 995
191 235
439 55
378 160
543 804
564 881
454 90
822 804
843 177
221 71
255 683
593 770
424 507
954 72
283 217
354 109
705 720
271 377
129 542
417 818
496 663
266 14
857 357
527 749
219 938
531 184
278 357
97 821
127 800
628 675
525 231
778 269
886 519
186 387
308 279
477 299
553 519
797 642
534 202
628 705
494 413
510 692
46 807
46 997
794 809
574 919
231 811
343 905
117 799
291 494
145 847
537 536
518 43
387 47
724 831
867 375
624 493
777 991
959 305
956 442
238 152
457 511
846 910
934 705
671 449
491 614
229 587
801 791
655 649
900 3
330 652
217 611
652 460
507 710
189 933
128 991
417 99
247 701
501 503
74 173
724 869
94 94
250 915
988 598
796 107
59 58
851 734
680 266
347 389
786 147
879 280
127 461
832 56
638 914
326 638
746 280
560 224
968 338
8 543
455 303
384 290
870 716
154 913
735 0
265 444
916 722
759 783
348 483
670 631
738 73
478 787
834 4
393 861
27 132
718 497
980 974
494 276
736 713
218 322
324 228
123 971
431 76
330 517
138 408
960 268
580 553
333 172
733 706
750 886
495 424
666 566
880 212
819 364
121 29
477 682
612 824
735 686
816 225
999 4
907 139
650 570
366 902
792 601
873 898
480 290
374 203
772 341
986 903
433 564
349 444
976 193
978 747
24 578
785 470
520 859
578 481
522 109
675 217
331 816
76 516
602 97
79 190
48 972
216 430
397 769
457 191
334 809
384 898
786 36
313 617
423 793
