1024
1000 1000
129 676
182 810
184 57
241 246
474 737
641 44
291 956
81 323
292 411
253 200
161 805
434 181
954 438
288 931
977 94
967 412
867 755
560 160
765 138
642 19
637 496
227 273
940 499
357 614
225 450
670 818
746 205
274 397
924 877
4 832
355 163
798 725
869 773
313 382
465 437
296 473
799 658
219 88
989 851
853 256
798 226
824 662
885 355
607 717
245 32
564 238
900 880
410 703
512 756
418 655
950 804
872 862
602 227
357 183
175 982
932 400
598 20
375 67
32 688
139 9
609 949
854 525
560 36
64 820
143 14
810 981
728 209
546 897
10 906
760 186
202 210
103 287
243 144
840 211
603 567
107 932
746 800
30 776
678 523
447 379
817 684
869 967
871 654
421 53
372 34
34 81
358 520
477 778
534 757
642 559
98 327
486 255
654 926
585 112
451 598
144 899
80 786
732 158
666 409
316 40
70 534
512 919
917 339
184 766
498 838
628 355
624 102
901 701
828 301
172 618
468 2
696 992
125 835
191 762
109 39
955 190
234 778
791 728
90 548
178 347
773 445
778 739
398 818
508 455
610 474
233 877
559 744
455 756
302 239
153 388
695 525
828 844
66 101
321 426
963 750
44 281
524 449
692 892
724 387
836 368
517 193
553 525
719 836
611 23
717 255
774 346
480 877
579 780
353 144
92 369
936 559
338 603
545 293
726 894
794 947
992 696
806 442
789 818
408 280
723 577
78 415
509 197
786 219
858 458
28 231
499 829
813 601
3 784
293 909
653 854
587 109
129 701
867 823
692 850
250 749
184 877
503 290
557 801
819 69
373 30
317 145
98 547
545 995
775 465
875 64
899 175
130 177
390 156
333 776
665 2
642 953
989 983
706 69
814 549
74 597
957 641
453 428
959 377
68 620
162 436
550 589
630 422
403 825
758 147
801 928
955 604
201 608
156 603
170 501
84 63
734 639
381 240
639 797
911 763
755 306
454 565
31 236
394 901
829 971
457 190
613 788
503 135
56 176
32 485
261 876
280 530
714 458
32 214
457 754
525 115
258 714
158 486
200 622
97 675
217 315
976 417
154 665
47 650
154 554
594 764
282 700
197 97
795 200
904 203
495 63
890 593
336 800
873 681
639 785
25 512
147 159
375 672
908 853
823 517
723 866
332 355
849 408
948 752
49 728
365 401
78 399
796 185
160 951
374 884
970 874
729 31
326 519
175 228
59 10
767 771
105 194
263 380
112 617
297 387
701 201
445 47
91 227
490 854
954 521
354 681
766 782
322 504
553 28
248 759
361 792
695 88
810 865
277 398
344 427
285 482
701 556
658 664
823 59
32 834
644 42
614 442
567 947
808 497
681 23
523 634
535 552
269 705
545 226
362 489
912 269
903 64
59 389
473 954
675 422
148 634
997 652
370 883
935 906
776 165
704 883
390 169
193 625
557 288
55 383
466 997
296 372
872 709
284 957
25 119
390 624
596 852
980 132
935 522
71 5
254 306
219 642
529 461
122 803
181 645
580 371
546 496
140 202
157 693
105 522
257 755
447 941
490 882
793 891
575 684
980 904
934 937
677 88
289 325
784 256
871 559
543 382
858 163
512 769
95 554
580 535
485 920
206 595
132 891
649 743
467 43
886 615
979 638
499 682
12 632
965 78
740 467
412 222
962 915
188 275
180 588
312 1
526 583
776 48
949 477
907 43
999 455
493 154
997 68
506 974
998 606
827 362
511 960
675 491
57 692
505 721
830 630
880 175
780 879
449 576
693 646
19 372
69 331
526 838
494 450
888 419
481 829
923 947
356 661
381 303
275 243
960 54
279 212
855 246
826 105
921 965
181 284
716 737
201 991
229 622
369 566
709 997
748 804
33 820
985 967
916 534
934 889
930 61
972 18
877 956
862 967
856 403
480 12
114 522
309 898
121 857
357 133
743 999
837 982
104 558
425 618
835 315
185 691
867 838
306 554
106 583
340 555
182 551
267 552
363 968
677 79
105 827
473 910
796 69
599 587
889 315
292 93
383 652
409 103
871 866
791 249
515 293
168 602
979 133
346 374
424 272
143 183
649 440
695 541
829 259
158 11
293 245
119 655
851 17
865 366
294 609
106 337
197 163
251 311
500 655
538 523
268 372
725 86
194 271
720 407
583 265
556 699
649 358
142 577
415 51
404 370
233 172
223 912
221 923
345 336
418 889
17 867
897 328
584 309
51 508
277 978
423 594
402 368
124 104
445 210
336 269
94 46
326 652
938 285
158 32
884 675
724 890
933 275
411 527
586 812
568 208
753 237
517 78
135 973
868 974
750 753
209 507
36 77
264 247
856 720
428 155
171 392
69 862
577 16
539 932
864 268
623 308
10 172
706 170
731 784
757 244
894 367
142 551
967 118
663 744
348 249
232 913
600 71
934 493
195 661
767 315
71 327
228 712
945 832
271 712
745 792
598 426
718 139
416 493
771 871
443 850
222 283
98 19
959 393
541 79
963 174
111 679
961 796
306 991
173 526
722 0
511 320
401 991
408 878
203 306
323 395
26 210
137 426
820 35
770 49
818 979
828 513
580 629
807 15
842 161
744 9
231 268
228 266
409 294
779 590
969 53
467 629
721 570
317 261
590 936
124 868
503 143
512 310
557 408
534 21
334 556
273 19
719 418
111 268
39 548
987 433
665 470
252 884
921 709
491 651
65 968
858 412
447 843
251 513
547 787
64 299
579 805
918 401
713 159
144 264
865 244
141 856
658 929
621 296
542 523
692 550
513 119
669 609
314 476
147 371
977 816
888 868
433 991
577 858
167 538
39 620
400 651
913 997
603 249
336 247
389 35
288 353
277 241
431 896
785 655
208 560
507 68
461 968
784 21
867 545
710 678
826 217
583 976
156 914
970 490
26 999
606 120
287 490
62 228
434 966
765 647
201 95
978 992
688 419
134 534
713 17
231 867
864 506
212 339
26 699
101 683
399 650
433 568
950 321
969 953
297 114
867 94
597 199
829 593
147 417
352 376
824 148
472 691
718 507
34 28
742 595
440 23
424 942
814 557
203 955
243 298
120 151
778 233
447 779
728 236
900 861
470 836
594 979
913 773
959 823
525 992
733 285
148 292
864 158
196 634
627 828
874 49
703 461
521 884
532 464
356 767
413 830
424 874
954 750
617 746
267 428
243 838
498 373
519 967
705 289
116 543
798 676
853 264
725 358
474 130
226 56
510 95
768 232
946 121
944 832
827 209
428 924
593 469
381 813
468 510
898 958
488 965
939 842
882 726
82 893
466 691
617 413
700 884
260 790
985 246
496 877
906 450
83 187
903 717
754 330
212 251
985 109
309 304
714 139
541 788
141 195
527 528
299 550
874 42
241 248
612 506
440 775
80 667
409 812
481 67
158 297
123 596
359 765
173 173
573 322
732 524
194 964
26 34
687 872
482 219
555 613
446 72
882 675
909 172
727 77
48 938
370 374
862 849
55 36
859 962
617 528
244 734
606 683
968 829
987 552
580 560
358 61
405 932
58 379
818 976
947 225
230 950
256 316
517 398
717 482
624 597
283 721
841 275
228 279
903 681
886 371
528 155
949 26
56 246
925 158
415 855
892 684
236 593
427 201
126 481
703 19
629 340
158 916
434 637
820 524
85 300
23 983
898 390
204 982
151 271
493 242
905 676
610 311
833 888
439 381
35 462
931 724
431 541
556 68
755 649
909 875
2 704
801 607
517 640
187 828
856 466
764 685
535 525
270 184
926 716
68 128
191 703
428 156
415 764
38 770
301 280
799 752
100 972
227 816
583 383
417 476
382 694
729 532
680 788
983 705
211 636
731 366
127 245
732 619
680 429
683 171
613 552
817 746
727 113
12 553
517 667
317 932
860 319
295 248
200 614
704 466
925 51
533 676
618 423
187 768
822 757
519 777
282 682
462 573
455 919
259 401
643 941
341 477
969 276
591 412
679 650
817 797
855 631
931 288
260 960
841 166
45 475
648 673
459 675
980 154
457 872
532 373
251 842
26 332
818 120
441 127
510 636
553 984
906 316
662 816
449 98
1 212
550 11
111 820
828 187
596 863
44 512
111 602
786 386
609 774
418 792
381 542
887 976
896 932
418 496
696 562
160 340
857 361
846 743
360 401
897 250
685 946
626 436
302 426
166 580
201 614
939 876
783 712
732 343
739 600
853 405
624 894
978 546
947 36
109 97
107 156
693 907
57 160
175 795
277 665
590 47
266 463
18 690
908 65
148 5
577 583
8 931
978 172
279 531
284 353
931 698
71 601
854 554
7 733
738 580
592 539
422 54
962 558
954 384
367 789
169 872
88 254
135 738
48 837
551 636
134 311
145 890
599 689
257 374
840 822
229 746
784 138
987 674
36 826
119 414
661 819
119 714
907 219
322 291
662 399
12 353
559 183
565 384
912 157
706 58
206 736
120 290
465 186
295 610
868 909
862 175
245 444
32 260
175 59
379 195
4 970
699 912
868 521
622 811
200 866
285 286
17 258
245 611
837 848
114 783
120 346
808 340
487 361
161 147
786 661
164 672
479 561
434 337
115 863
562 89
715 611
65 287
420 911
552 821
448 716
799 646
322 114
891 396
943 82
598 189
930 199
702 532
990 691
478 298
832 164
