8192
1000 1000
448 483
47 355
836 238
286 837
268 159
523 415
713 58
653 879
636 857
872 539
288 470
841 854
949 344
864 115
202 624
440 870
946 245
884 383
74 94
79 438
21 340
765 54
236 969
444 353
919 658
671 511
701 284
697 238
407 407
668 322
843 309
260 571
931 998
927 700
785 364
33 818
208 243
198 117
289 338
101 762
587 430
835 209
393 789
300 4
352 222
582 271
797 632
446 67
806 237
988 667
178 942
817 563
813 937
489 632
20 66
175 100
342 294
152 203
27 101
196 199
470 908
308 59
101 799
642 376
583 72
307 403
971 532
573 407
338 49
21 817
626 894
964 467
561 910
648 435
554 327
592 722
134 353
887 370
917 839
335 545
625 495
622 954
765 167
523 880
654 71
420 212
399 277
249 409
343 436
515 784
749 704
665 387
507 571
396 652
388 727
209 836
519 842
285 485
514 909
789 770
838 11
431 289
878 294
391 949
975 521
565 868
125 299
776 60
717 966
8 51
83 441
513 563
989 506
923 293
318 398
868 902
976 222
188 580
765 422
722 308
868 925
585 543
324 777
989 370
716 631
851 562
108 432
542 505
480 218
953 640
184 616
491 498
113 748
304 633
900 906
45 927
20 626
942 446
535 392
99 615
70 810
339 698
685 756
568 448
798 731
248 370
581 215
474 68
828 998
396 349
651 402
57 224
463 432
705 110
905 589
964 239
645 361
947 976
26 554
391 600
407 64
696 752
294 824
388 819
517 741
18 105
944 78
18 92
333 329
576 13
194 759
84 580
51 955
937 732
619 75
357 701
8 65
967 840
799 164
827 620
445 25
678 339
138 620
791 513
840 334
22 502
626 286
220 996
884 761
321 369
18 632
513 533
183 60
431 883
795 699
185 187
980 999
860 415
912 85
687 530
117 620
206 952
474 586
587 703
662 26
501 341
257 626
984 90
247 705
248 762
758 778
680 860
588 395
405 18
529 409
505 158
171 560
950 113
374 723
645 682
329 173
876 933
573 774
930 910
888 764
871 991
523 469
346 75
484 69
47 232
781 91
101 461
24 729
60 953
887 42
28 292
611 303
374 350
476 241
181 567
910 818
613 795
358 492
64 132
167 15
969 502
147 565
626 833
888 533
852 519
413 127
965 791
862 538
216 215
264 972
958 789
688 110
206 979
233 748
7 15
246 317
238 417
793 855
636 774
121 646
329 934
949 816
974 433
294 77
476 841
52 544
993 691
548 842
145 172
104 486
550 543
789 399
66 775
621 276
142 471
936 476
942 461
294 430
989 842
834 975
947 303
883 371
379 894
874 545
844 990
324 68
733 342
286 21
267 400
441 155
185 878
975 33
584 532
572 177
586 726
295 890
693 401
118 761
436 341
457 717
251 970
563 305
557 336
828 245
697 65
181 500
721 260
653 269
260 830
949 664
74 818
98 403
588 199
227 733
262 897
760 708
540 0
780 926
617 122
789 147
720 533
660 204
636 789
893 223
453 44
235 546
480 815
26 350
502 409
496 703
56 878
820 731
846 735
530 97
42 120
434 841
738 995
545 867
637 945
307 160
803 604
58 712
418 453
347 431
752 499
390 344
6 684
874 569
40 964
393 657
34 836
406 668
199 80
95 467
571 815
378 638
56 375
947 135
561 684
462 745
656 885
816 556
972 736
59 841
575 22
713 635
805 789
599 67
124 200
21 358
700 736
800 212
740 879
815 987
474 157
333 705
369 857
724 450
986 922
701 971
382 951
272 998
528 611
92 660
634 665
607 514
9 360
982 934
327 965
250 497
200 568
670 718
391 321
686 269
310 402
620 434
825 239
980 745
718 533
397 833
997 585
158 686
554 419
533 674
132 30
41 557
974 646
867 440
82 570
543 919
414 933
104 310
78 634
847 449
494 822
209 315
442 208
713 238
933 494
723 417
571 580
693 609
353 148
352 860
202 999
129 804
53 888
87 832
610 64
423 845
424 346
267 935
508 137
836 197
519 499
783 29
387 638
394 302
211 28
166 142
9 676
681 204
737 44
853 949
984 510
67 255
237 45
323 717
62 929
69 45
580 443
880 830
311 38
815 8
530 790
544 714
231 816
432 355
787 783
341 884
160 347
704 683
96 755
245 696
241 265
402 391
940 256
527 879
711 536
499 721
299 739
695 747
35 480
748 142
594 450
482 698
749 84
125 545
996 950
540 979
630 62
582 960
15 452
299 544
740 151
886 284
939 364
956 971
125 85
303 732
803 893
87 900
721 492
631 215
667 972
257 824
668 132
279 10
571 916
388 434
271 11
591 911
17 528
820 401
902 38
561 326
415 163
585 671
757 306
233 625
230 78
896 546
603 906
390 159
492 865
685 295
811 253
979 549
385 87
906 291
895 317
351 272
330 333
704 642
331 938
785 791
943 759
744 240
162 102
152 315
197 800
209 71
659 621
714 237
904 523
49 370
895 236
525 66
177 305
113 965
884 91
494 490
953 371
731 770
5 965
835 925
791 832
692 629
393 613
691 315
25 496
15 103
105 429
995 919
837 129
606 83
697 874
168 957
821 642
533 233
944 910
594 269
806 945
947 943
434 773
276 151
290 889
838 77
567 728
366 606
533 248
623 548
419 153
707 710
831 232
737 882
797 463
106 177
226 896
154 175
505 637
127 761
332 798
461 830
528 752
818 74
19 86
40 583
845 953
219 488
838 743
937 355
370 843
438 234
408 594
688 887
888 124
680 614
207 269
331 428
79 412
434 726
890 946
684 258
421 955
246 169
875 634
792 339
351 119
816 877
935 899
158 337
640 799
123 440
476 525
812 561
6 86
716 51
429 492
12 151
732 175
945 596
643 952
299 172
265 999
107 539
531 786
436 6
798 951
813 68
16 952
162 81
452 154
865 508
267 464
258 619
607 515
54 194
828 181
286 420
677 448
774 291
110 382
109 224
853 503
751 990
653 177
300 939
176 572
673 439
347 688
937 646
639 311
36 371
14 156
549 164
488 17
940 53
50 922
87 193
854 786
271 581
719 645
116 113
165 105
821 854
685 600
164 319
384 789
130 201
92 398
485 410
905 15
117 52
163 655
139 33
156 109
607 445
176 801
792 687
442 320
913 325
670 301
988 811
171 895
626 179
219 325
70 67
541 534
741 342
613 963
362 396
457 393
791 695
366 88
287 705
98 0
960 410
910 609
32 136
409 622
659 865
155 831
687 135
607 278
833 552
336 196
733 264
4 413
796 259
699 416
279 225
931 719
466 92
119 611
615 886
34 992
309 863
607 764
236 751
602 499
683 291
814 220
305 82
276 108
35 719
382 226
961 799
13 565
149 548
816 764
889 563
709 325
905 402
847 113
569 451
110 132
150 593
761 36
182 293
462 612
914 699
439 202
146 399
992 790
617 112
693 339
285 459
552 563
988 33
559 87
187 200
83 341
877 76
925 566
600 22
663 716
282 333
270 658
169 340
832 244
540 694
580 32
813 807
961 654
695 364
172 622
85 476
352 379
360 622
43 897
180 189
619 359
73 136
404 506
997 646
895 89
640 32
158 516
520 67
126 814
350 887
498 320
115 444
2 466
259 562
899 969
67 605
964 309
663 215
273 149
593 541
211 377
302 808
318 282
37 552
820 981
285 386
503 843
596 477
941 998
208 581
864 91
326 807
503 174
563 84
911 184
3 237
715 289
30 19
528 620
616 621
449 803
541 493
62 717
983 296
696 297
967 69
679 189
666 898
43 548
521 117
293 671
572 98
448 739
723 656
322 727
123 495
839 511
402 851
623 445
984 1
765 453
332 67
381 869
272 749
524 335
999 274
695 52
120 903
871 791
174 102
872 407
34 571
428 98
809 65
325 414
960 269
568 918
970 960
42 131
345 838
455 429
608 419
638 773
940 81
487 397
723 317
551 370
541 117
462 346
409 837
635 452
305 386
140 172
803 331
834 221
242 839
751 183
606 809
22 475
865 584
100 152
516 602
289 253
586 928
501 775
320 809
249 755
802 770
765 984
778 120
746 425
466 821
996 183
384 472
932 221
47 708
95 687
408 933
952 366
823 9
589 316
683 860
764 798
976 441
939 287
686 923
147 20
886 78
647 129
581 508
972 613
892 403
49 916
682 500
588 85
83 376
773 130
464 440
152 879
20 211
49 948
63 73
339 781
656 488
280 271
347 692
806 272
920 460
477 924
821 485
235 15
829 462
658 460
930 449
836 791
9 156
711 548
544 458
877 697
479 381
592 905
626 310
461 735
213 328
45 800
812 135
616 911
969 369
967 753
740 274
335 584
637 930
794 64
574 13
271 530
197 91
476 455
974 590
940 476
9 500
685 338
88 892
499 591
631 622
397 76
933 88
281 423
701 548
487 962
507 624
651 685
370 838
680 92
879 159
248 169
999 807
118 202
847 570
462 925
585 673
839 984
605 164
4 575
998 911
707 636
987 927
303 511
598 439
129 928
354 219
655 146
28 498
667 93
34 613
780 819
400 411
524 508
677 158
51 545
222 437
693 204
832 953
826 578
548 574
136 777
652 984
837 454
166 870
523 507
921 173
24 921
629 28
988 673
771 639
472 889
790 981
105 527
476 330
492 77
141 750
475 586
164 20
121 802
783 430
125 233
139 42
191 399
187 520
420 164
714 618
90 664
995 324
565 514
503 711
488 18
895 945
784 976
668 642
756 744
336 473
104 368
911 521
796 525
35 311
294 179
479 273
861 132
667 442
856 829
285 99
952 20
457 494
620 50
722 395
863 576
620 288
134 189
623 555
830 95
224 175
825 596
10 284
670 482
665 847
698 656
86 909
620 11
159 323
914 96
957 360
157 890
375 903
152 890
487 725
981 876
931 494
49 47
178 797
672 275
482 566
371 611
881 73
85 851
698 534
445 754
176 666
787 219
569 972
818 456
846 411
399 415
387 561
214 983
822 813
697 234
310 284
416 366
578 655
211 198
48 172
421 741
512 325
924 754
970 748
773 167
925 782
748 898
565 366
994 257
914 477
656 41
300 348
82 751
805 247
22 485
702 158
30 776
134 722
387 357
72 990
300 507
888 916
480 366
816 306
849 737
670 211
508 366
767 865
472 938
310 796
975 859
754 875
331 70
550 822
743 997
682 887
211 802
397 149
596 201
130 145
324 618
315 937
620 424
991 584
22 872
13 810
959 41
705 348
302 307
323 422
450 412
790 200
216 938
215 390
876 929
680 214
436 556
194 111
224 336
930 688
242 103
15 4
430 147
674 29
832 656
22 912
93 285
315 772
444 937
166 430
684 511
414 378
735 478
594 690
120 209
431 321
730 350
789 450
794 469
324 730
600 899
773 324
144 195
620 137
644 374
751 972
93 747
756 63
888 583
684 275
399 494
463 510
228 248
151 426
958 55
300 558
269 69
222 755
393 222
964 307
977 519
53 758
995 206
822 204
245 582
528 908
580 572
459 271
309 118
415 369
667 876
528 29
596 100
782 147
946 398
197 592
910 94
450 64
59 316
625 556
896 986
347 29
851 460
146 22
26 825
640 452
876 553
589 810
586 797
698 901
687 585
184 715
308 959
294 33
687 1
354 931
427 415
221 443
478 116
281 865
187 912
9 332
75 91
714 44
701 29
119 52
944 555
474 215
861 261
373 104
52 263
539 486
560 591
112 828
102 822
577 394
163 556
92 75
419 569
73 873
533 946
300 533
764 494
853 559
380 208
396 169
992 146
163 950
528 32
547 817
519 547
813 838
665 446
197 577
759 611
266 837
651 372
125 425
688 736
155 777
116 690
638 974
516 367
927 606
247 495
417 168
900 165
394 822
955 605
244 50
65 135
179 549
157 963
258 365
63 835
79 856
448 14
201 83
686 774
82 654
34 381
611 644
908 8
954 873
980 225
943 59
685 969
972 847
884 651
216 873
561 83
9 432
405 817
477 418
856 697
316 201
812 659
103 302
157 23
603 805
602 602
419 888
594 256
971 92
666 468
15 243
845 994
900 887
212 392
765 637
291 207
947 678
638 443
985 501
274 349
731 204
219 873
391 60
108 59
560 348
49 196
202 943
667 374
410 405
272 734
827 801
238 241
491 830
390 624
549 2
209 920
161 330
212 525
530 51
627 583
125 61
130 569
589 653
934 587
533 795
335 862
371 410
956 818
547 723
917 137
590 349
564 677
47 108
227 867
684 769
306 246
238 943
199 598
190 669
201 203
570 379
260 861
610 690
341 974
955 192
16 373
52 41
939 653
234 884
455 772
837 447
815 198
361 886
383 403
473 539
139 754
801 378
65 429
228 669
445 400
958 693
556 241
345 124
891 465
591 530
201 66
627 829
206 638
51 652
393 484
116 644
809 408
58 865
548 342
626 39
88 280
124 608
541 915
735 953
398 669
916 807
110 505
655 174
71 818
743 777
346 384
254 461
784 276
619 252
728 159
65 162
460 549
502 284
819 595
203 396
66 16
666 983
884 849
212 803
827 216
195 914
613 879
289 888
98 229
314 689
955 74
936 656
478 601
133 772
868 433
337 204
798 581
297 40
685 581
610 239
761 80
258 199
579 963
633 413
153 488
140 453
622 321
224 820
232 515
53 69
92 93
526 350
461 879
362 136
364 682
522 993
153 219
18 990
479 572
660 26
450 521
148 2
792 251
33 983
747 726
876 37
373 402
253 496
63 142
59 698
106 246
679 762
507 705
458 443
49 466
92 705
760 543
335 493
110 599
54 475
4 648
761 794
399 63
306 939
877 607
4 459
526 28
614 846
970 189
259 239
389 28
400 406
270 422
912 613
635 263
979 829
365 777
266 368
563 861
470 988
895 112
740 734
404 315
982 284
102 35
407 340
155 274
117 581
790 517
617 566
160 342
191 603
984 104
872 397
30 809
90 973
575 833
916 688
133 144
785 193
782 330
828 708
573 61
934 260
638 673
945 336
155 377
895 136
336 692
650 596
430 768
866 721
424 76
431 386
269 235
645 600
521 107
885 757
780 591
64 971
42 465
814 355
151 964
622 353
521 182
872 184
479 184
231 234
326 881
709 825
958 156
904 434
915 27
111 408
301 297
99 584
775 562
316 942
542 348
69 806
132 293
446 22
107 940
263 560
192 333
220 689
581 657
69 196
253 446
652 177
552 39
460 816
112 579
25 103
992 738
179 389
591 275
812 276
738 14
496 386
804 244
680 439
317 896
300 570
404 617
279 433
396 379
935 830
133 326
465 990
704 163
273 198
806 905
837 86
481 340
460 401
291 441
384 181
60 181
992 999
234 798
862 731
850 440
126 581
222 815
366 634
100 990
60 63
925 332
999 498
424 68
841 33
728 211
282 538
856 647
651 110
972 340
908 329
220 412
603 77
817 761
804 689
81 925
42 274
988 51
847 147
223 129
292 540
137 324
26 191
856 807
560 31
333 608
388 64
643 827
834 102
677 440
791 27
229 132
76 667
427 925
168 639
355 278
397 868
889 914
237 322
788 156
433 253
727 896
938 759
279 583
406 927
976 211
447 885
701 156
875 995
398 349
944 326
688 85
80 210
264 600
123 131
423 85
371 905
609 606
138 298
518 858
263 730
404 861
599 685
450 710
378 683
182 991
454 49
224 837
101 875
472 454
953 496
129 115
140 275
384 846
540 11
771 987
411 727
714 196
424 533
891 648
874 335
270 383
679 568
436 286
502 156
501 882
679 496
660 561
695 72
814 933
44 429
77 674
213 827
750 77
682 731
411 610
129 459
323 619
295 28
183 427
724 73
809 764
768 16
134 375
480 26
113 29
525 998
3 620
697 302
806 809
918 144
659 808
288 321
556 560
54 879
195 28
553 158
865 40
8 289
184 122
108 729
228 519
142 478
344 529
422 584
956 834
713 967
201 850
690 902
678 423
484 863
866 380
719 101
532 280
642 95
457 731
423 483
308 648
911 618
133 382
903 900
844 940
974 991
735 240
497 400
173 47
582 843
186 174
200 543
342 165
464 885
13 140
242 49
894 365
917 607
248 981
223 22
123 324
718 292
514 911
699 799
560 646
150 843
536 79
225 602
805 2
889 686
45 733
983 624
639 992
75 3
985 288
408 553
559 790
961 626
678 321
971 935
83 389
28 297
770 590
835 387
97 517
222 165
237 386
404 612
130 116
680 295
523 318
899 636
375 936
488 997
995 19
41 18
735 829
421 10
335 693
289 638
202 226
583 267
576 913
255 378
401 88
583 553
997 376
917 220
600 74
799 43
254 858
592 996
155 568
576 973
899 792
42 295
762 944
210 755
75 757
82 558
489 803
170 801
842 364
243 349
508 509
330 550
981 664
429 104
631 614
587 520
647 29
918 773
93 706
527 520
623 363
868 867
616 762
358 572
417 434
194 44
848 670
284 104
242 336
87 526
678 582
789 913
122 916
927 259
133 296
626 689
624 157
251 180
337 47
969 837
25 24
725 748
652 846
469 372
49 847
33 287
18 372
126 708
481 257
795 488
208 379
927 841
511 595
477 86
291 777
858 535
297 976
348 24
239 950
128 233
160 204
993 667
157 210
450 224
343 191
202 937
324 308
246 755
290 870
463 143
81 740
418 516
387 41
864 224
23 325
75 715
729 496
885 52
268 719
204 865
247 753
354 520
790 120
383 266
170 982
536 166
426 465
892 185
281 476
835 458
398 613
379 527
97 939
863 593
654 215
195 793
46 194
232 118
998 484
740 613
283 625
732 870
136 989
707 782
412 922
303 756
845 430
31 539
43 243
545 695
831 800
219 170
859 62
413 804
472 173
399 231
652 549
248 338
749 170
231 403
203 461
452 975
331 552
139 407
977 369
254 258
405 848
661 118
471 978
674 610
777 244
156 302
194 510
239 862
256 121
687 291
27 730
801 505
193 231
97 330
7 671
303 77
588 573
768 835
71 249
15 745
340 91
26 138
696 711
188 411
757 408
902 349
305 300
984 514
427 569
334 804
181 487
723 558
871 416
817 689
247 642
678 591
10 424
188 158
625 133
512 120
739 735
403 175
116 597
500 979
107 346
896 631
542 381
128 444
701 381
206 207
331 875
655 801
447 500
117 953
626 506
296 90
993 197
178 126
664 934
796 966
199 627
755 43
966 741
450 892
524 892
234 782
151 840
34 391
284 651
498 647
988 894
870 496
656 341
648 874
416 917
69 68
130 653
9 342
659 707
2 122
596 883
688 214
953 475
581 3
688 296
932 132
247 422
547 728
228 502
145 671
89 737
94 483
721 808
752 888
862 636
656 871
79 177
985 48
994 631
460 724
415 981
898 22
220 423
936 852
313 488
969 234
785 636
453 336
246 782
565 944
206 279
855 579
686 781
690 88
689 896
243 648
171 511
272 32
439 981
965 894
931 382
38 56
676 468
30 321
750 1
104 341
249 842
571 216
135 312
195 247
1000 38
443 429
461 529
855 663
145 623
578 663
620 433
734 165
301 722
12 149
77 454
9 852
661 970
926 796
222 714
979 665
389 306
518 277
998 368
659 185
98 19
742 919
334 785
758 311
515 537
958 278
462 913
537 875
685 975
740 352
951 756
205 308
957 758
594 892
142 995
518 814
43 516
434 474
923 647
744 27
996 464
935 162
940 934
258 962
81 282
942 137
392 630
18 838
56 251
935 58
946 385
547 886
189 203
340 119
394 205
624 981
21 768
799 510
745 461
658 448
509 225
418 818
149 682
563 985
474 60
578 723
644 56
545 422
257 889
98 666
765 884
145 948
736 629
173 610
366 641
470 336
809 667
539 540
97 810
306 369
197 878
711 779
512 643
411 748
926 852
257 70
208 249
953 56
765 688
105 775
634 347
146 360
526 226
560 783
838 911
545 59
834 616
911 668
903 182
900 488
437 41
473 315
413 817
983 380
573 884
241 93
922 866
796 827
540 437
163 945
597 540
817 755
856 814
579 317
695 71
194 932
480 487
534 676
916 102
181 686
635 952
424 767
561 724
394 15
975 954
886 206
336 343
911 929
645 128
480 511
851 97
182 25
395 915
125 25
985 905
431 510
613 168
311 67
420 887
901 606
142 761
956 33
355 463
698 953
99 490
519 438
589 11
109 505
205 61
606 672
232 908
825 122
268 509
712 19
967 211
798 992
822 326
955 44
469 315
147 217
609 101
735 566
298 368
121 547
290 555
37 213
231 926
997 700
656 714
205 970
796 128
253 858
439 352
897 337
96 886
901 768
104 704
712 694
634 146
814 663
140 912
869 207
178 155
411 161
172 320
592 176
190 282
778 504
78 212
511 637
837 371
280 497
191 415
143 782
540 279
450 401
707 999
710 684
593 359
874 738
712 884
571 177
969 164
935 284
602 580
696 686
552 252
984 820
208 395
546 121
599 295
402 787
702 834
453 931
372 510
603 713
262 987
889 835
359 280
870 145
942 510
531 104
933 302
970 101
472 909
616 0
460 59
816 771
142 715
378 717
213 665
948 123
9 351
200 960
146 287
394 169
879 624
58 676
656 694
941 126
992 986
104 720
55 178
393 694
187 727
693 83
977 682
425 968
115 775
565 314
926 332
998 949
727 170
681 458
914 672
696 840
777 166
591 131
430 806
563 284
325 167
72 600
433 974
236 360
621 29
991 824
226 72
250 187
323 785
850 655
517 710
964 202
438 179
355 861
233 691
548 359
439 602
325 877
119 912
230 70
916 452
939 213
255 414
704 981
302 290
668 781
733 401
390 841
558 156
582 926
863 939
61 663
645 211
276 765
132 584
666 378
155 429
666 788
632 24
876 492
306 934
313 187
237 59
77 38
370 996
641 135
159 126
58 876
619 59
369 657
623 15
533 613
776 526
689 423
941 477
955 778
89 850
191 535
477 94
617 921
370 822
19 466
564 18
631 341
447 231
716 616
318 743
9 201
633 421
494 917
701 830
716 420
829 661
878 610
595 876
753 170
105 342
28 101
6 195
450 919
496 991
822 165
645 639
460 206
434 532
503 572
663 984
258 624
445 4
278 634
563 189
959 415
532 332
384 731
403 352
977 13
463 576
190 719
513 782
118 271
522 505
107 702
58 563
52 8
778 902
564 732
354 387
597 899
348 150
218 986
77 208
403 551
989 677
375 674
658 292
532 142
424 279
834 134
675 901
944 542
371 197
797 749
287 578
493 649
19 188
319 396
565 985
75 839
43 412
720 973
836 469
172 411
343 826
540 785
240 868
787 196
829 809
107 148
71 303
631 62
106 156
584 180
88 157
595 130
409 310
349 480
797 83
878 417
199 343
249 333
537 285
552 250
804 557
568 877
864 927
866 524
849 207
365 987
642 974
322 408
115 803
97 148
343 980
597 843
682 982
76 992
807 85
712 754
466 338
63 770
287 134
183 221
972 445
73 537
899 978
711 110
829 29
964 182
265 646
847 668
403 385
926 389
322 997
141 963
899 813
630 648
256 895
671 77
701 894
948 525
585 891
320 189
993 419
130 240
839 426
271 516
626 911
463 183
849 733
766 623
146 685
88 955
106 220
145 234
39 990
711 379
150 439
784 64
213 282
696 890
400 687
438 888
211 970
446 735
701 954
139 423
408 761
28 394
600 232
141 562
942 749
459 926
187 332
9 843
463 666
697 844
422 753
888 673
227 15
339 445
738 226
300 908
206 377
790 393
718 109
300 327
107 586
905 19
275 27
160 967
591 231
754 210
967 60
469 642
911 40
996 429
858 87
997 521
505 739
699 598
770 636
563 250
181 872
940 43
720 348
138 772
112 548
432 215
974 824
367 33
166 276
963 729
626 737
335 479
140 694
475 202
996 8
5 489
807 491
237 659
109 453
850 855
952 499
429 23
208 538
69 541
869 226
73 661
623 450
651 189
115 17
816 161
425 769
972 863
906 793
75 26
659 698
16 933
121 950
13 218
415 510
212 407
569 105
150 857
911 272
123 343
147 287
839 216
270 561
192 336
4 448
274 825
474 732
956 57
70 740
606 193
177 900
299 79
818 312
175 499
492 976
304 279
491 484
922 718
905 176
351 718
290 797
412 738
879 56
392 590
159 901
774 477
208 767
536 372
321 999
7 534
607 697
829 665
622 878
875 819
563 942
656 736
85 875
668 671
371 477
837 813
671 72
626 791
278 392
565 499
294 900
717 24
87 430
757 860
903 376
421 944
115 418
577 870
207 69
656 649
95 362
472 129
786 657
807 994
575 493
374 878
202 504
435 849
38 795
656 784
31 430
4 176
904 998
334 655
97 579
441 226
389 231
751 397
323 673
439 803
932 240
590 335
411 364
652 415
983 53
123 772
355 667
803 749
290 563
495 96
547 120
290 103
894 348
115 998
29 446
24 607
653 502
790 987
901 546
292 819
234 41
369 728
818 370
997 899
237 31
149 394
143 904
232 218
739 120
359 148
168 471
19 185
955 296
13 618
866 459
102 366
156 318
576 823
340 410
19 439
726 645
732 317
221 239
996 697
246 964
668 293
21 897
637 18
698 759
223 831
996 814
431 701
111 440
637 689
167 186
615 93
402 245
716 62
70 30
850 292
45 490
765 270
349 174
673 990
644 578
343 714
755 66
530 420
460 299
795 876
158 987
931 256
902 450
216 131
543 336
882 468
646 790
483 354
952 40
345 648
641 630
383 814
238 599
850 848
179 508
422 769
703 83
44 547
101 524
495 291
371 29
514 333
170 450
860 406
419 745
978 337
733 641
671 507
269 763
930 600
988 852
53 936
344 536
674 241
824 173
290 858
169 832
140 30
429 192
204 599
976 731
778 288
477 621
967 962
591 872
358 52
354 561
583 817
980 521
626 930
777 834
394 949
462 870
936 575
691 158
181 32
825 195
830 524
510 747
890 424
623 772
740 880
56 832
889 241
590 364
47 319
665 139
28 142
926 827
314 434
798 18
42 726
686 126
274 85
161 428
973 732
11 538
478 580
720 938
958 210
801 824
680 856
477 152
321 973
47 148
160 639
165 676
881 475
651 196
66 688
489 445
392 415
652 743
271 806
319 397
723 888
385 817
176 873
731 752
608 64
18 969
13 598
465 564
417 917
248 995
563 19
805 144
97 422
400 444
411 909
496 533
153 764
855 384
266 591
482 253
225 272
275 635
993 45
840 870
322 485
70 995
533 716
148 910
702 883
290 973
117 997
242 362
863 517
181 917
673 288
788 922
69 61
8 13
934 448
451 248
164 734
412 866
115 808
454 609
903 779
41 824
25 281
805 124
933 969
355 629
432 23
313 97
916 20
253 834
694 580
884 185
649 834
541 555
847 497
224 966
805 667
647 862
217 981
762 54
792 165
648 531
412 271
205 842
400 777
861 471
751 99
94 94
190 525
903 490
634 70
137 770
47 22
658 384
250 154
326 23
244 275
418 206
128 988
154 733
364 526
522 346
225 70
137 70
145 359
825 464
630 804
21 334
133 253
33 921
813 480
288 569
135 235
837 637
705 762
304 277
697 872
600 884
790 113
299 275
363 328
528 210
261 359
27 749
804 836
101 218
858 391
15 544
997 508
696 832
930 926
178 123
238 268
603 18
829 137
988 904
610 112
589 877
746 265
469 170
663 976
699 630
558 725
8 553
78 888
281 38
450 940
508 966
50 18
732 601
523 727
49 910
463 81
671 670
936 76
131 174
426 133
856 992
84 450
355 163
173 751
168 649
827 485
240 355
103 295
958 859
649 100
913 737
801 792
831 445
981 495
905 906
320 570
565 274
157 78
803 17
192 107
113 685
24 596
211 887
521 385
425 114
996 15
148 536
415 905
471 359
963 825
248 829
344 136
999 982
252 887
497 629
38 527
134 819
304 687
800 312
45 932
408 461
208 558
624 272
510 621
583 166
46 421
878 107
848 203
522 218
199 704
169 774
612 811
915 872
65 790
541 457
522 985
134 266
537 909
141 442
125 433
155 200
580 656
953 868
102 845
555 642
317 670
428 977
855 37
219 848
1000 54
886 247
278 861
804 10
70 25
89 635
846 803
985 286
249 841
164 632
191 531
431 638
35 717
925 710
482 596
395 103
232 990
863 622
558 849
411 734
559 242
386 38
238 971
838 176
945 583
250 477
187 813
686 89
729 879
342 426
229 979
216 67
891 104
831 635
57 983
871 51
237 508
518 94
712 307
233 322
980 409
724 884
62 895
162 901
609 932
499 334
466 944
437 671
565 98
243 634
180 976
182 506
432 841
875 276
840 724
875 947
966 743
441 352
601 515
959 265
868 808
414 436
24 338
278 122
237 291
935 177
224 300
743 300
165 408
489 465
594 326
389 955
963 446
223 861
241 182
388 296
856 357
995 674
173 657
350 141
173 325
862 552
488 551
448 224
144 500
389 821
541 937
174 9
583 812
584 337
676 282
704 507
797 43
516 347
360 461
439 165
935 10
483 619
500 996
821 151
989 393
499 357
897 326
34 328
350 29
620 114
126 170
281 722
619 380
584 964
99 299
709 692
971 355
57 640
988 774
145 227
63 285
530 479
95 806
255 601
241 758
463 122
15 969
338 766
601 96
499 217
953 700
654 599
511 994
645 299
920 522
251 264
564 102
323 874
985 225
82 901
405 507
374 6
139 437
113 424
290 961
266 723
999 631
536 569
860 660
79 604
946 360
377 632
18 297
111 952
886 398
885 566
410 105
352 309
457 904
810 291
654 951
238 816
250 726
790 54
854 698
411 811
308 483
202 199
99 534
683 493
469 404
36 679
476 261
870 876
147 931
921 331
948 179
365 856
988 107
533 704
355 786
132 366
79 258
410 835
536 743
195 268
12 959
831 920
46 52
146 661
31 334
624 525
907 773
467 332
958 807
584 286
226 96
336 328
800 53
559 245
327 610
17 257
113 636
516 493
431 112
18 571
952 866
634 910
252 806
392 707
938 960
989 238
240 930
259 961
682 525
717 361
172 365
128 514
314 969
29 862
834 547
95 219
162 757
661 632
844 972
535 651
450 318
990 938
102 222
493 18
67 487
120 314
236 435
631 556
821 457
580 984
17 611
369 430
568 898
18 437
261 408
125 459
514 744
808 520
171 266
212 596
453 363
818 738
749 887
208 65
306 409
326 29
141 370
54 719
40 971
458 152
402 797
144 381
962 886
954 352
386 204
150 944
395 57
914 288
739 292
362 839
192 45
4 99
529 250
472 289
521 355
876 717
973 289
899 419
618 706
268 398
531 241
898 44
230 339
700 591
162 810
687 377
251 756
765 704
730 840
294 729
406 181
694 319
884 646
173 697
828 76
883 72
361 612
573 682
379 371
233 458
615 218
362 256
48 929
84 544
69 824
124 442
872 182
565 518
865 164
489 165
325 268
281 353
99 485
288 811
351 125
671 497
812 87
402 834
594 58
580 303
583 272
186 636
453 954
591 197
734 364
422 598
666 986
760 378
356 384
552 814
286 131
479 727
823 432
316 594
968 376
347 172
625 774
886 248
455 132
829 399
427 935
388 363
329 379
450 10
441 291
912 5
701 673
59 886
995 689
911 360
185 667
337 399
532 44
973 508
60 930
864 279
98 393
686 374
814 623
384 347
365 190
321 79
397 917
611 988
85 889
610 102
486 777
515 839
923 231
958 198
971 465
514 830
255 480
159 156
127 254
282 251
989 215
760 494
920 880
857 317
689 539
639 621
670 275
150 124
522 774
488 905
89 621
291 187
171 579
728 734
245 843
132 516
260 470
410 22
405 707
968 850
109 808
425 841
247 648
927 944
278 300
710 95
431 346
513 95
158 246
913 483
588 98
979 852
488 466
846 88
49 697
661 553
829 603
217 876
869 900
56 939
65 889
389 430
112 35
560 732
606 19
293 457
531 539
444 507
708 303
778 698
224 606
812 12
835 590
331 227
403 7
108 892
406 724
84 630
374 454
408 418
558 150
128 3
53 649
581 521
455 326
625 401
446 992
374 490
709 411
584 602
402 930
575 671
744 40
363 462
887 198
772 665
917 502
418 255
681 484
890 682
431 982
225 706
597 193
511 153
531 245
938 689
835 75
897 534
552 234
735 774
650 637
165 917
492 189
211 621
279 737
593 50
611 87
638 309
437 280
670 290
923 695
574 982
223 799
429 109
196 979
486 349
770 403
286 687
501 494
829 920
205 950
369 239
934 822
772 668
58 415
362 413
497 211
675 396
822 846
895 346
242 269
65 918
382 347
623 505
760 817
118 697
218 914
561 536
702 10
396 110
10 497
379 113
683 793
816 705
199 827
304 698
202 15
955 233
885 230
843 208
157 439
370 47
759 784
784 644
859 724
273 910
65 817
645 409
478 364
205 945
719 453
371 144
832 761
381 998
998 160
175 294
585 791
731 328
20 756
498 483
794 434
370 870
880 83
5 289
794 483
996 608
935 387
235 177
990 209
698 439
946 647
384 786
216 552
662 253
546 525
740 397
257 151
350 201
553 17
42 807
501 311
369 776
178 581
418 113
613 235
107 742
247 300
187 208
187 385
595 274
997 403
548 659
480 973
713 611
524 218
951 809
977 78
439 557
236 230
114 554
860 359
880 637
77 54
743 924
307 24
803 311
477 295
284 473
959 103
563 322
498 902
525 621
488 364
794 866
334 322
707 870
422 947
188 283
199 37
673 92
658 880
343 992
594 523
4 450
929 245
335 130
418 426
826 340
533 663
74 557
373 909
954 171
738 960
90 19
151 54
824 976
385 93
327 535
237 978
936 956
488 422
58 435
303 230
624 378
624 787
80 480
255 111
68 309
514 78
857 376
807 436
611 525
179 790
640 174
825 722
615 846
613 804
802 561
988 802
868 769
889 464
915 61
896 648
424 541
870 605
764 452
482 558
318 929
534 822
595 584
619 512
979 558
429 533
789 867
407 92
845 445
587 529
712 877
993 715
741 851
75 717
11 840
541 99
523 792
875 470
750 600
890 446
861 702
619 879
465 328
114 358
890 128
8 727
392 702
828 755
177 935
509 711
443 56
665 119
453 91
359 179
544 887
127 813
152 399
670 758
397 223
116 606
536 822
879 283
38 358
387 665
233 354
352 325
983 288
65 735
276 957
433 20
124 189
467 70
562 892
382 84
448 967
772 546
611 663
358 889
120 363
742 499
877 117
215 898
748 965
541 503
573 791
71 849
175 291
289 569
503 750
866 169
742 561
121 480
94 811
901 523
142 768
625 830
774 893
873 901
226 992
362 109
693 562
968 13
787 599
802 569
996 336
205 384
686 86
812 983
963 894
176 490
398 137
850 711
56 55
275 706
163 19
37 164
162 629
459 224
806 67
865 530
702 470
863 13
306 841
854 31
491 2
199 295
418 447
36 116
85 901
704 857
690 956
417 217
533 273
6 539
251 741
581 802
415 394
404 519
313 546
110 845
548 320
202 401
433 85
974 724
667 138
167 90
899 690
130 415
174 937
795 71
302 338
767 270
361 125
381 511
4 669
307 913
519 651
548 869
993 53
36 766
805 900
407 231
78 963
558 416
236 61
230 151
30 866
730 106
95 608
727 11
157 129
713 80
579 995
598 20
889 462
760 644
149 500
724 589
659 399
73 744
351 234
509 904
520 974
455 713
701 536
154 922
119 895
763 904
444 307
458 283
619 839
761 291
736 284
287 370
923 745
450 956
471 81
666 258
487 534
493 433
616 82
835 528
210 728
888 164
393 256
450 91
681 437
700 523
573 146
766 568
677 189
178 567
588 958
704 781
823 802
866 542
791 570
91 659
151 933
817 888
326 890
675 200
619 849
708 637
17 653
711 174
302 295
783 175
675 668
316 834
598 872
273 925
35 511
657 408
869 679
538 677
500 235
832 535
238 766
775 547
717 777
814 534
551 859
771 475
385 840
866 686
853 435
345 679
484 251
24 59
807 915
832 710
495 318
701 240
292 443
898 464
677 701
211 102
274 562
621 412
553 45
307 653
859 372
665 190
796 610
821 114
870 598
888 591
161 952
756 712
543 525
183 239
605 925
649 866
923 978
923 13
605 409
583 462
670 464
729 250
695 829
956 584
533 65
813 330
280 364
211 961
564 428
167 546
116 772
468 535
468 284
550 199
418 131
873 89
96 105
234 614
38 127
652 941
121 652
458 973
804 231
266 603
122 875
483 46
214 534
266 674
312 899
620 882
120 325
866 554
676 600
292 476
905 620
804 452
532 721
233 464
900 303
860 711
861 294
640 627
465 240
723 749
515 793
164 112
791 422
520 948
487 318
560 324
691 700
163 381
402 213
921 635
232 651
252 170
221 621
908 990
846 362
700 833
550 548
879 641
342 431
599 788
881 439
487 267
676 901
362 897
124 636
261 322
292 567
878 146
811 686
733 610
257 753
600 585
588 816
795 319
42 663
743 774
788 783
149 781
585 394
769 231
284 832
42 579
75 878
850 970
77 562
500 194
870 668
643 870
287 982
543 178
399 976
118 507
728 217
853 541
921 711
572 19
635 511
285 431
875 56
628 293
743 161
243 120
138 998
273 146
689 291
767 837
492 511
264 565
169 429
978 950
932 957
391 505
695 97
403 911
549 208
933 587
505 401
228 588
253 937
306 30
680 537
1 260
697 96
508 652
98 480
358 56
336 784
504 595
479 383
521 157
103 538
352 79
31 206
487 853
959 66
910 683
153 259
819 661
481 731
572 419
942 103
888 168
430 21
56 756
921 313
309 249
359 595
186 393
12 808
47 468
912 198
303 104
752 141
582 289
602 827
41 573
907 919
95 862
569 639
714 447
431 862
173 386
561 297
144 867
59 160
68 148
304 497
321 86
997 0
773 768
548 297
1 612
941 172
22 762
552 449
519 748
401 737
45 0
584 333
123 230
266 410
438 333
232 17
142 841
164 714
106 511
583 897
333 592
556 765
237 771
713 971
582 64
589 507
551 256
383 6
897 60
573 654
955 744
311 679
548 720
813 800
992 8
921 442
564 465
837 91
128 21
814 886
700 108
575 811
591 587
32 739
525 343
305 607
946 584
409 617
1 271
46 205
420 213
28 254
63 377
612 817
773 287
768 743
208 848
659 640
463 376
713 990
59 930
376 775
815 640
826 915
800 720
626 660
957 463
569 622
819 777
6 70
22 968
675 212
417 870
972 13
916 655
973 942
463 148
83 127
929 657
573 611
417 175
986 146
450 445
505 163
869 478
648 738
907 270
346 622
753 580
256 999
931 527
456 773
979 857
598 222
918 378
363 673
712 741
952 520
574 182
404 574
814 277
410 460
811 849
716 276
69 855
539 448
101 272
390 699
101 968
372 508
229 164
675 872
597 425
828 596
319 312
944 797
473 487
878 665
185 525
309 585
689 234
806 209
892 621
361 510
529 653
870 962
414 232
140 118
754 776
971 788
189 177
55 173
378 220
337 337
599 145
801 433
182 68
170 618
822 8
638 567
770 668
716 799
842 1
317 818
569 914
15 142
189 339
209 696
394 259
321 851
434 302
129 622
258 959
602 265
658 877
369 291
402 669
49 99
374 80
514 989
979 838
885 834
843 716
202 31
682 57
624 811
978 886
698 822
951 505
562 19
980 17
743 756
751 3
331 659
709 321
270 70
606 760
67 334
955 979
819 10
707 960
976 671
20 0
238 214
761 772
403 979
817 5
529 313
895 92
860 792
553 997
738 491
291 423
997 270
318 350
343 11
276 200
382 623
958 715
260 489
135 22
13 727
248 247
381 340
412 254
5 242
449 622
338 764
638 192
450 435
302 40
248 513
623 904
457 908
123 796
582 283
664 329
777 545
399 757
645 486
109 523
509 366
191 49
422 590
384 57
235 708
473 447
467 523
123 468
884 411
551 206
161 70
213 860
751 909
670 935
889 833
851 874
41 715
566 363
167 770
712 320
348 499
352 814
860 115
226 352
880 117
294 673
124 490
686 91
488 922
135 482
552 95
35 778
864 808
409 671
178 743
754 330
327 497
894 526
76 191
839 888
559 736
185 581
8 930
1000 908
860 227
466 871
416 57
192 717
512 762
63 323
298 868
369 789
733 103
498 930
563 822
431 929
981 382
813 174
504 546
942 436
458 567
698 257
875 291
505 16
274 580
471 844
209 701
660 377
176 940
868 800
945 477
107 257
884 572
606 522
688 825
273 143
869 822
670 75
627 860
885 212
87 795
227 292
90 903
556 857
415 201
233 190
224 485
519 136
829 89
320 711
669 34
938 74
220 564
693 174
429 478
75 808
474 987
890 360
131 985
144 149
492 696
46 637
276 235
991 378
691 856
412 817
989 488
104 207
796 609
577 503
882 50
28 953
70 612
239 939
884 843
225 190
839 867
104 101
943 380
592 160
776 853
352 969
236 927
428 372
514 487
873 174
623 707
885 962
846 951
382 898
639 708
557 798
247 764
927 576
376 563
919 661
827 960
972 238
711 352
1000 453
809 132
581 516
718 149
557 632
32 300
181 566
966 259
421 992
566 587
334 605
620 255
1000 786
727 938
838 703
92 164
849 418
605 658
412 462
818 756
629 426
226 927
409 93
942 476
274 311
95 936
956 419
151 354
384 443
456 891
668 650
100 829
143 98
332 492
90 906
294 218
267 881
232 26
122 397
445 122
351 457
788 220
702 613
625 758
859 242
336 83
472 134
170 393
202 840
560 729
653 175
739 817
832 930
612 767
29 808
453 927
991 500
255 694
851 134
557 316
646 491
156 955
604 223
892 618
647 527
253 296
518 841
26 82
687 32
818 84
470 799
221 841
350 699
127 910
385 415
105 493
496 665
751 512
218 635
628 880
187 481
6 596
285 138
464 175
7 604
348 525
89 461
658 235
92 632
102 155
570 130
906 26
937 923
464 734
957 180
122 915
716 423
156 726
950 961
487 735
896 713
905 895
884 989
700 136
757 90
51 774
159 580
462 636
461 387
416 405
547 765
747 102
907 125
99 4
261 263
445 403
107 15
677 831
477 663
986 97
120 360
171 729
492 931
41 38
775 823
173 40
138 469
726 153
671 32
935 744
499 911
703 54
144 24
898 888
155 924
876 941
955 237
855 381
517 836
402 170
157 259
651 18
100 511
567 647
736 485
961 890
24 171
667 291
99 621
551 101
473 538
949 562
950 901
654 116
10 865
299 974
882 262
620 546
811 371
188 651
740 6
316 410
369 779
37 85
18 529
4 562
425 309
25 818
308 553
765 149
721 542
225 696
372 585
250 978
633 353
591 340
903 338
263 505
797 699
68 747
951 86
176 57
958 882
874 843
566 743
479 527
843 731
788 656
38 877
698 285
226 984
491 315
952 868
880 250
614 539
557 75
827 691
765 625
272 945
642 864
257 78
331 794
745 64
182 721
119 9
670 893
265 128
268 286
453 25
923 511
107 810
900 831
771 860
433 819
824 155
132 266
675 589
470 191
88 376
887 283
564 104
827 327
943 838
877 59
208 630
270 570
547 743
936 906
505 141
894 323
572 973
649 786
779 908
220 665
108 548
832 573
909 713
838 806
181 349
699 661
95 255
151 903
322 406
992 922
339 615
218 691
879 630
403 770
747 865
300 985
921 708
765 539
920 743
188 263
964 932
356 884
729 371
936 486
737 135
886 910
545 201
999 330
134 770
525 461
583 488
953 485
611 314
404 61
433 672
931 488
907 629
95 330
608 542
335 543
123 434
285 975
661 700
846 842
302 440
363 812
637 620
423 719
199 690
137 585
507 35
954 202
612 932
159 791
78 794
778 478
40 531
549 417
791 715
996 469
540 8
946 869
513 36
57 560
178 385
256 494
658 254
222 384
720 890
111 42
888 393
805 637
779 84
286 66
348 181
692 917
554 37
276 9
140 664
335 25
26 225
766 130
525 541
422 591
910 671
400 801
613 417
208 882
407 299
546 398
814 393
603 466
171 382
951 53
659 489
777 876
398 130
822 461
797 165
169 914
148 423
767 703
117 624
773 892
5 84
909 720
662 559
363 891
66 30
828 814
113 829
446 367
587 103
132 115
913 900
268 817
263 685
451 159
399 576
93 774
680 598
171 963
557 570
80 973
673 542
337 899
414 646
528 7
705 991
991 478
329 105
749 360
154 536
363 783
128 633
257 421
833 635
620 731
153 918
257 35
886 32
306 517
294 432
208 430
276 215
794 376
213 407
385 779
846 24
691 382
899 556
138 694
989 399
992 29
12 694
879 414
795 57
577 941
431 420
661 71
612 738
437 269
824 940
615 330
987 307
219 98
446 346
748 607
370 714
515 571
747 716
243 647
907 303
963 620
780 199
955 602
595 844
355 64
218 944
766 957
84 537
482 16
149 107
365 85
529 765
140 217
976 813
169 181
820 631
675 443
753 369
956 593
573 94
666 678
833 771
767 448
689 119
656 964
112 848
285 341
328 578
439 457
9 271
460 137
79 431
591 637
117 648
825 343
53 160
779 948
853 755
853 155
134 26
215 843
732 656
311 500
345 109
233 731
866 699
533 685
696 927
322 112
670 428
221 259
122 650
762 865
415 595
847 694
985 203
757 119
821 80
768 793
456 669
16 620
458 345
103 247
10 965
248 663
324 213
87 607
873 834
649 888
868 727
991 371
446 179
276 921
576 362
24 499
896 199
310 115
144 846
604 95
664 625
114 681
689 23
73 859
235 444
708 543
743 557
42 819
826 196
834 69
614 141
282 534
817 192
363 809
260 24
349 278
571 757
315 113
814 16
209 374
88 693
640 648
952 496
299 829
706 83
662 409
517 196
673 273
840 509
838 324
293 805
412 938
263 95
259 36
433 30
998 562
746 204
825 589
805 33
624 963
481 62
655 351
195 61
314 5
99 427
290 311
175 342
743 815
353 637
375 122
975 346
767 864
589 820
822 411
347 500
16 808
759 87
107 584
357 903
663 142
56 897
710 860
771 656
938 424
737 354
289 77
93 203
993 833
847 401
818 215
636 922
29 897
391 540
587 958
973 21
319 943
249 845
650 700
68 163
484 370
555 219
103 590
978 266
943 52
801 833
902 217
359 420
58 16
298 228
398 415
52 484
810 844
608 835
156 810
458 804
117 390
179 657
850 202
15 15
495 276
695 468
67 117
966 263
732 966
335 430
263 126
579 132
989 228
874 411
220 656
680 972
10 106
740 764
245 563
610 318
216 547
136 186
138 94
75 560
615 726
61 172
347 111
283 336
226 844
104 860
994 375
189 298
972 622
658 910
413 751
316 469
639 447
654 700
162 796
135 446
750 192
316 296
314 720
656 996
331 642
665 776
708 761
335 918
456 919
201 572
756 212
981 245
454 94
633 996
495 589
926 695
868 315
504 231
623 26
36 784
770 598
961 717
142 921
525 916
406 497
5 81
39 251
169 408
6 866
727 553
645 876
130 256
311 872
973 99
785 691
459 670
428 198
628 84
566 586
691 139
369 764
354 478
942 834
338 162
449 192
803 718
835 269
913 216
557 469
283 834
462 260
552 238
517 877
111 458
690 15
290 65
642 114
540 488
817 874
959 91
193 922
176 606
267 436
244 596
86 683
966 647
254 164
78 754
540 447
769 542
260 92
746 512
458 132
383 839
236 481
859 895
387 611
399 555
487 167
694 332
386 462
889 117
985 894
342 973
202 255
595 59
766 483
987 328
765 424
943 922
751 220
637 738
760 121
121 541
559 425
186 122
708 558
866 512
932 851
780 71
26 863
228 672
609 80
188 314
234 642
685 964
358 723
334 211
69 866
587 14
838 407
163 814
381 622
779 36
690 678
225 82
990 988
210 897
613 188
957 767
821 264
985 192
996 446
763 795
510 274
231 843
240 603
511 233
772 143
826 539
943 424
535 833
439 951
281 577
999 18
782 674
113 56
267 69
146 842
146 821
382 954
814 686
32 612
158 733
377 1
890 456
210 711
448 496
988 425
910 277
88 563
853 734
369 763
802 117
937 847
993 688
931 565
487 43
610 831
1 435
808 200
189 963
693 421
80 568
192 285
483 485
646 213
186 750
597 742
563 714
231 160
279 142
523 729
548 462
764 121
747 167
117 550
973 636
368 551
582 105
659 460
16 489
606 955
73 970
381 145
987 36
266 851
648 594
534 446
371 726
145 596
950 693
619 118
651 796
772 488
520 294
915 486
378 403
536 801
972 879
696 387
412 514
801 31
234 367
427 550
287 743
676 709
715 540
407 432
655 195
977 475
924 868
872 899
428 100
148 959
185 875
652 668
798 335
908 983
768 3
543 140
956 839
164 145
323 566
852 756
232 219
18 188
661 2
131 853
21 908
77 74
743 409
682 338
689 80
308 17
17 495
816 711
243 754
563 902
700 924
864 670
881 368
892 152
501 873
75 204
874 690
160 663
749 147
414 894
115 47
395 675
829 693
686 806
356 724
53 58
404 589
26 162
539 449
587 694
420 939
384 212
165 907
821 349
735 127
11 404
928 719
627 626
341 999
760 560
919 349
909 566
254 160
524 9
706 483
697 877
448 835
52 916
674 490
776 138
847 28
116 318
943 262
190 974
157 965
559 381
361 75
565 829
765 953
210 119
528 623
345 507
574 789
239 210
876 713
446 721
22 645
487 465
513 17
384 464
12 100
4 15
19 823
34 463
328 695
574 173
283 548
354 953
756 439
672 353
128 649
280 61
596 404
239 762
817 811
562 816
821 5
255 105
566 893
573 387
637 570
520 316
581 469
545 658
729 111
220 703
472 66
251 725
687 427
160 729
260 309
668 848
589 925
582 420
785 297
458 540
504 47
430 573
917 816
480 391
593 574
999 626
447 892
403 474
772 669
209 662
449 838
762 453
376 845
684 956
794 807
373 184
76 436
192 168
981 905
532 508
939 122
586 557
20 78
757 901
373 6
532 581
215 681
127 425
767 685
29 82
675 746
976 276
905 984
623 174
765 490
838 547
470 962
921 129
213 969
243 356
400 285
406 336
184 927
91 262
892 229
851 439
466 426
27 55
26 33
437 820
962 976
681 332
623 207
244 486
992 626
973 842
617 938
780 796
406 887
664 223
736 137
1000 615
521 966
402 616
77 56
423 110
418 748
600 445
684 980
219 44
596 686
899 406
35 678
542 3
323 23
758 639
946 428
993 732
65 461
751 782
831 956
333 663
783 628
352 774
844 157
520 470
521 636
354 598
138 747
815 707
308 900
809 144
982 214
30 93
99 308
918 540
335 333
390 380
64 152
842 135
997 715
136 252
699 314
737 139
786 599
895 584
576 955
513 685
560 140
266 9
845 7
424 540
181 454
93 516
715 718
557 106
380 441
110 590
695 783
814 465
824 145
756 612
659 132
23 801
107 292
732 129
545 167
513 962
464 504
526 450
995 868
850 912
342 417
300 858
737 296
546 133
616 669
360 710
986 178
646 14
46 349
484 104
988 848
697 789
671 693
112 515
207 402
226 772
831 732
89 136
207 944
59 28
463 274
914 132
997 488
570 255
624 140
14 25
980 916
292 789
965 517
226 610
471 425
772 361
822 128
7 468
457 661
401 162
88 521
592 259
973 806
197 831
609 917
607 495
306 859
717 880
480 481
489 571
602 375
358 219
674 345
651 153
735 123
700 42
371 52
826 811
930 270
946 72
38 996
941 518
712 245
100 232
497 316
664 300
796 167
82 351
275 103
3 730
236 682
504 582
11 19
319 699
524 954
686 514
893 745
801 805
119 717
277 382
559 187
465 590
493 784
114 348
896 104
571 213
105 24
598 914
450 325
532 725
142 390
72 283
954 718
614 416
1000 931
959 564
767 295
924 302
118 477
927 446
258 371
113 668
51 776
776 233
917 995
518 366
223 842
670 23
771 628
277 396
613 456
808 292
624 783
778 956
218 550
799 924
147 116
84 191
884 406
352 384
344 426
72 394
395 134
569 539
445 170
134 581
326 200
829 478
365 659
293 417
545 281
581 375
311 321
486 352
509 935
709 288
908 890
534 810
153 160
669 175
661 39
683 506
66 12
227 535
150 392
146 79
712 164
487 640
617 752
584 977
599 198
460 610
185 36
285 705
755 63
560 443
595 850
304 972
195 653
190 811
833 886
316 744
658 180
314 355
870 273
889 330
249 377
250 506
609 280
239 718
24 568
633 385
567 861
482 714
990 274
571 320
453 265
196 977
202 94
856 957
190 410
828 504
366 141
991 317
333 536
121 925
618 995
777 863
680 896
319 672
61 96
723 759
75 34
793 413
140 445
618 192
571 313
219 892
887 533
156 374
262 538
628 687
916 587
372 4
579 45
983 466
508 337
876 602
139 467
609 636
8 928
556 484
680 908
806 565
912 729
970 724
116 158
318 202
344 791
330 344
854 300
425 621
210 831
414 918
919 468
794 622
7 188
792 373
60 761
652 682
107 808
295 547
797 643
800 956
807 903
143 769
628 326
520 273
276 287
985 438
991 736
179 654
614 476
182 775
118 521
821 646
719 142
289 2
150 660
542 597
867 677
418 21
956 203
740 901
921 71
152 602
499 710
169 785
720 978
434 304
680 643
60 468
546 529
475 372
465 759
857 514
857 189
999 358
711 436
217 140
158 586
453 78
222 218
535 356
37 60
421 959
221 398
943 987
620 81
79 601
881 197
164 863
683 117
158 99
146 588
684 237
225 619
723 442
327 446
604 579
337 724
872 900
579 425
940 351
209 630
132 213
353 51
603 602
962 456
825 192
692 733
802 122
211 633
904 812
315 932
459 689
735 260
215 922
45 357
984 171
49 744
342 807
393 541
894 509
748 155
752 431
50 970
942 264
914 817
530 501
563 540
659 49
471 530
113 156
230 298
995 914
185 950
790 141
746 680
311 658
677 154
596 567
259 937
283 704
352 269
835 161
708 528
918 187
59 22
46 187
389 978
770 863
113 417
774 157
205 948
276 265
393 81
172 922
556 121
848 706
987 348
367 995
644 12
329 705
18 924
539 645
756 760
553 52
328 680
629 278
434 811
897 790
891 941
756 218
899 363
473 418
270 411
635 361
143 595
244 562
805 992
873 884
493 231
876 770
603 633
576 416
435 120
525 537
890 252
27 683
261 700
235 209
867 73
654 394
995 768
335 339
555 337
100 895
60 367
15 128
218 1
850 839
203 466
799 821
443 116
274 554
736 894
72 65
506 769
410 406
998 75
540 91
318 761
358 119
596 228
976 192
143 821
673 536
873 554
843 221
375 6
780 325
176 775
220 484
679 835
442 108
268 957
684 359
254 595
663 83
800 29
991 716
165 809
266 790
790 451
89 561
516 869
862 353
351 782
803 270
293 852
936 613
350 276
603 458
566 420
627 753
172 334
702 225
612 39
50 613
978 20
466 234
100 117
295 139
324 502
342 346
87 301
13 287
586 113
20 767
678 110
499 848
430 819
898 638
891 303
895 926
615 412
221 53
311 218
337 923
925 821
99 6
222 197
487 13
49 454
417 174
324 508
599 578
704 902
559 933
849 740
999 887
321 786
333 554
533 449
733 345
888 655
117 100
555 350
631 25
580 378
659 696
99 654
10 887
110 862
444 201
601 645
684 929
170 778
58 243
440 917
385 388
376 122
666 410
124 999
828 135
507 37
987 852
524 597
668 899
528 499
592 551
618 857
999 627
774 668
497 685
568 827
668 730
382 144
11 564
544 533
546 696
251 807
682 888
438 803
743 528
188 77
184 67
910 809
601 815
40 53
756 133
311 274
59 484
353 980
706 7
12 409
632 103
610 486
184 651
897 700
703 589
32 783
356 320
461 279
2 886
49 956
801 599
876 630
39 295
953 656
920 952
688 156
534 70
755 228
748 18
564 357
878 276
926 620
520 347
988 295
756 57
697 847
403 858
531 202
109 312
655 693
198 233
488 816
683 394
684 872
530 637
692 597
413 221
625 850
209 582
784 791
863 237
774 633
683 164
561 964
938 134
280 799
789 949
968 313
365 601
116 535
686 433
28 740
496 23
536 419
579 363
47 460
15 681
151 118
601 782
640 992
356 11
233 526
116 906
995 972
765 18
117 765
504 314
268 606
305 671
481 176
946 429
815 810
244 868
319 526
238 378
436 458
269 944
870 559
267 486
51 64
544 800
122 909
683 84
192 403
743 460
929 377
163 628
164 252
8 275
134 342
129 922
577 451
379 460
756 794
795 137
631 290
216 57
656 892
811 91
507 110
122 613
730 127
749 900
228 362
314 153
414 663
710 765
800 898
695 692
6 422
807 456
447 746
676 632
880 164
666 387
365 538
135 530
716 811
647 863
855 34
275 843
693 52
341 341
373 863
18 905
211 992
619 646
989 666
784 315
883 595
313 614
758 319
819 424
323 67
349 730
196 783
329 467
678 576
372 72
201 27
454 981
815 771
128 159
592 463
537 493
432 18
688 121
972 632
411 602
472 436
791 824
641 493
339 258
182 183
610 123
172 444
419 233
297 912
957 852
364 40
419 726
782 607
558 303
879 533
326 413
496 104
610 560
299 437
677 385
817 774
69 851
878 326
807 929
234 892
961 942
476 679
669 948
297 961
518 279
854 988
747 260
464 756
589 110
765 668
127 715
805 508
914 999
623 435
358 726
750 525
798 1
165 930
692 522
382 776
102 192
930 991
660 11
794 547
351 77
296 95
980 816
302 996
558 522
45 61
175 850
982 486
343 974
340 540
121 218
91 917
567 227
825 706
680 880
918 593
139 843
755 352
144 92
978 155
665 924
916 426
732 957
315 987
205 142
256 241
651 8
895 80
825 439
192 629
983 645
618 667
65 623
866 994
686 49
941 366
65 220
618 215
765 736
948 138
466 166
179 442
599 50
942 500
796 405
732 945
14 98
602 447
783 261
222 476
523 540
209 566
273 296
952 955
743 789
809 410
123 955
681 585
435 40
417 18
758 776
215 315
887 308
306 279
688 821
299 468
101 354
88 410
317 463
504 285
585 817
945 558
953 421
112 922
301 555
763 143
175 109
342 847
164 926
703 248
998 247
912 485
767 25
456 111
498 579
819 557
969 461
817 974
760 729
579 646
8 611
562 727
400 950
305 185
177 309
769 463
281 994
2 802
749 620
975 327
419 657
750 661
35 102
115 563
966 744
934 419
347 160
186 251
185 245
550 331
914 890
238 941
367 315
653 763
595 919
246 131
71 220
810 592
467 868
407 801
798 763
324 675
787 123
82 896
611 888
609 908
383 35
543 736
588 926
322 633
597 91
331 707
825 426
189 466
55 921
865 22
884 34
958 580
411 354
676 757
23 33
149 836
781 62
575 338
780 730
133 834
632 281
235 461
894 527
756 206
295 491
532 328
238 751
141 502
927 204
522 812
466 740
317 773
538 466
645 446
462 557
53 998
213 857
280 371
769 249
515 931
39 124
795 476
991 315
467 271
921 633
837 462
194 841
852 997
805 358
295 195
815 260
440 315
909 502
454 28
378 46
982 956
827 460
309 232
438 5
780 474
650 905
1000 278
82 779
480 595
720 294
271 467
146 206
146 687
37 996
114 379
326 595
751 944
365 642
53 134
214 859
642 453
806 93
784 623
722 684
204 741
856 472
255 740
343 918
280 739
448 941
64 146
138 254
423 344
240 657
498 766
456 603
173 554
889 861
713 553
524 894
373 426
685 321
768 625
343 313
872 486
803 154
610 962
660 515
174 753
328 652
466 59
838 969
408 507
619 451
979 606
974 487
663 47
604 705
648 303
995 681
135 281
33 458
510 843
882 711
934 181
958 38
731 323
862 771
482 942
848 345
28 732
947 802
95 932
676 297
167 484
848 939
794 665
195 74
825 323
479 100
407 476
209 842
567 32
586 724
951 930
66 999
784 452
620 592
949 15
482 591
970 298
856 976
388 453
706 363
21 132
947 450
655 534
685 71
683 348
504 467
577 318
280 622
221 255
458 843
313 165
925 562
817 212
858 301
508 541
90 189
706 857
861 937
792 822
422 642
593 795
594 208
799 62
129 436
433 594
794 933
114 998
639 465
19 83
668 623
275 640
429 975
281 762
233 18
168 488
634 184
112 204
726 440
381 577
509 756
287 875
613 167
962 203
704 492
960 478
278 614
865 791
588 579
49 255
310 81
59 543
1 769
396 579
128 713
321 252
615 259
276 807
677 369
734 484
636 570
256 354
90 620
330 868
634 465
857 507
694 689
519 468
379 466
75 64
854 858
467 893
499 512
728 251
322 593
628 912
259 805
470 724
169 669
368 214
78 647
98 185
618 541
585 644
826 726
48 788
438 11
863 999
159 594
885 500
184 63
260 779
725 829
576 332
956 66
616 522
522 695
370 279
926 162
85 312
350 44
871 730
611 75
864 863
617 520
726 895
548 435
944 365
934 620
345 940
786 641
409 765
669 719
975 342
71 251
50 906
635 367
445 215
900 4
516 932
837 900
825 532
726 374
369 890
62 86
700 767
907 724
206 432
189 385
673 79
839 418
937 764
115 402
73 344
107 814
506 404
271 971
159 500
152 80
186 235
346 619
711 166
213 158
371 278
385 68
951 760
397 91
436 761
444 55
162 562
566 348
264 468
388 468
310 936
281 367
173 527
352 749
459 164
360 295
450 437
802 927
70 679
152 273
18 873
311 871
23 189
244 750
539 440
71 608
829 719
650 914
79 138
968 699
417 973
704 135
482 475
194 524
18 975
509 740
339 326
727 585
665 755
595 190
334 600
964 355
896 693
975 132
174 373
62 664
247 322
949 808
907 459
142 910
199 215
722 594
497 145
876 118
452 916
434 65
679 35
939 524
273 299
695 60
221 533
821 675
828 870
779 268
617 916
976 393
42 127
74 747
423 959
941 935
3 52
217 901
840 454
531 329
864 190
628 530
50 984
694 750
398 472
609 495
624 509
371 53
769 477
47 646
520 449
442 594
6 762
588 349
736 22
993 424
242 259
481 481
564 179
827 186
77 797
853 98
540 592
902 991
348 368
461 405
995 627
44 605
324 998
603 320
341 528
308 843
214 40
282 782
185 539
875 939
164 434
876 538
460 192
754 893
631 543
877 39
842 759
574 429
636 579
607 782
823 256
316 123
24 549
318 832
768 639
851 507
436 406
836 373
202 849
214 67
990 10
595 42
723 971
788 771
767 416
273 580
657 48
372 183
747 23
431 485
501 887
708 315
614 993
901 985
6 63
402 739
825 335
186 729
817 177
968 496
146 627
737 543
591 774
519 843
675 365
559 560
229 161
645 309
946 706
514 614
339 389
845 833
690 883
629 659
106 198
734 742
273 495
198 799
980 358
385 948
767 8
636 164
69 26
421 309
459 941
324 282
429 738
73 43
620 606
681 151
98 102
477 61
259 898
540 944
410 419
725 993
213 510
176 346
502 909
476 204
83 572
934 292
179 48
162 31
226 66
212 276
614 246
682 337
216 141
377 459
644 825
804 778
615 824
741 54
554 340
425 630
956 298
933 844
730 540
886 457
895 794
251 776
591 75
85 868
220 637
534 597
506 761
741 845
951 544
142 189
622 948
213 856
2 459
314 718
930 865
813 413
925 679
122 166
839 463
684 807
589 481
423 910
577 45
659 724
16 130
649 107
780 10
21 981
140 766
22 89
601 318
991 193
288 664
884 416
523 355
805 929
539 171
283 878
897 358
895 475
118 246
137 938
559 94
818 66
25 752
389 357
962 315
67 131
819 198
1000 115
731 798
131 832
484 873
403 198
596 238
136 195
360 494
589 618
358 54
615 710
313 128
789 560
549 31
90 843
526 648
541 621
482 300
336 78
369 3
338 772
301 704
947 750
794 959
808 736
687 866
523 21
548 934
261 186
201 285
134 678
458 680
640 437
954 820
780 379
734 578
655 539
885 226
838 651
703 473
804 708
571 311
623 194
406 612
661 785
530 821
639 955
614 536
370 302
316 186
676 780
273 826
457 195
644 792
51 67
746 277
585 788
204 323
828 409
248 804
604 695
808 888
125 458
220 787
158 212
478 210
449 997
213 451
252 387
341 919
91 323
140 668
942 482
239 418
179 912
186 92
854 341
694 45
737 712
860 640
569 610
347 581
469 414
261 352
843 697
285 919
253 396
504 114
235 634
32 292
803 53
862 123
855 383
415 366
29 770
848 166
474 367
654 585
347 312
682 865
257 219
62 270
38 232
990 314
610 751
978 683
692 546
300 815
882 800
71 381
347 64
282 11
247 926
913 288
424 478
316 280
362 21
830 216
674 43
733 214
446 7
781 79
134 856
192 48
139 465
827 621
251 460
235 475
36 44
342 250
788 399
507 465
761 116
825 154
522 209
945 268
10 878
72 287
213 897
123 802
436 382
170 858
391 284
492 671
812 778
489 501
675 92
854 752
199 581
748 732
268 567
536 524
86 728
357 49
411 833
157 927
536 817
272 532
342 390
423 81
468 386
660 340
792 633
248 157
603 170
525 540
554 535
945 262
508 455
450 534
846 671
105 464
108 288
983 548
76 377
826 931
230 100
984 97
260 442
98 275
83 261
74 824
33 367
971 39
901 841
846 865
878 318
843 505
28 957
880 143
60 968
483 155
884 250
188 122
865 244
923 348
31 118
958 959
428 847
249 778
614 560
111 279
921 568
140 769
378 127
385 24
413 621
748 612
942 867
869 8
101 106
200 697
495 962
206 100
661 842
942 350
542 743
632 898
989 339
518 204
503 201
632 455
820 536
134 641
420 572
113 379
794 432
648 35
754 0
711 83
861 454
593 153
52 859
16 551
210 813
85 17
456 6
225 461
154 655
901 175
259 140
670 707
924 296
927 116
878 873
792 144
253 184
586 262
711 954
723 485
573 404
938 420
915 346
931 997
559 846
616 126
275 310
633 532
683 986
109 251
495 51
15 341
174 20
820 407
210 260
207 525
497 962
772 863
69 840
224 952
727 475
181 298
256 614
984 417
992 692
369 370
47 856
461 343
703 255
345 516
403 92
365 679
26 982
625 598
546 514
485 663
658 499
273 414
546 552
464 643
613 56
916 129
251 104
469 480
497 49
866 575
181 282
864 945
473 610
129 973
605 126
920 445
991 62
442 798
977 176
304 956
913 134
777 453
11 59
100 384
701 900
737 218
301 988
797 550
139 842
857 71
732 22
362 124
163 366
515 809
454 770
852 175
814 609
55 607
840 88
544 217
923 164
387 332
414 85
196 197
263 191
917 707
327 382
963 649
724 513
665 208
389 453
423 297
265 591
168 365
414 952
412 974
51 721
160 818
417 542
201 843
149 687
863 438
575 471
653 43
61 344
223 566
966 314
975 463
970 507
283 458
865 955
194 129
33 991
559 396
809 626
121 570
430 97
786 28
730 806
859 234
640 139
269 185
448 819
531 239
556 424
383 422
544 379
927 151
873 370
136 373
673 549
87 66
687 890
947 31
378 163
576 270
260 704
284 579
146 895
226 249
76 126
425 255
77 856
806 983
371 694
95 843
955 207
451 92
933 297
855 796
820 372
107 302
450 927
887 245
192 349
868 6
842 776
112 654
848 293
390 595
351 294
919 483
185 723
935 940
412 820
2 512
722 986
632 965
322 428
500 743
316 56
468 925
428 87
695 947
823 47
395 976
909 533
146 199
254 354
418 231
595 393
643 105
941 699
992 17
58 506
862 394
673 255
385 504
202 477
822 836
353 935
686 891
956 776
690 411
788 851
735 448
584 635
23 19
876 446
933 129
222 811
71 100
969 321
646 859
22 503
65 173
91 908
227 438
173 487
620 520
868 127
675 774
808 350
117 802
686 210
895 435
91 517
904 206
907 294
21 644
98 770
751 646
900 746
653 422
367 780
276 426
540 783
270 329
196 580
916 405
804 722
573 168
823 916
660 246
937 572
38 793
981 835
31 202
101 779
994 7
827 350
148 740
169 929
991 603
550 45
898 804
175 126
518 798
830 538
923 135
767 250
958 360
298 542
516 621
224 157
922 964
14 696
445 154
303 75
676 949
697 1
792 479
587 0
37 853
549 338
848 139
162 279
434 738
927 983
127 890
318 87
143 816
862 179
19 68
568 470
955 210
256 733
119 109
558 907
894 94
312 432
700 346
580 98
122 234
45 718
324 554
339 763
195 961
673 347
259 527
88 852
399 450
558 0
71 830
491 257
289 34
406 294
816 177
678 873
768 746
412 724
299 707
849 140
838 167
749 501
353 333
651 384
300 947
211 40
117 980
314 337
723 177
775 250
582 907
419 267
727 59
555 733
421 537
469 279
53 204
214 6
455 518
208 400
611 538
750 218
687 615
522 844
566 866
917 276
808 420
849 960
745 876
999 594
897 622
148 889
476 370
209 301
563 893
728 705
816 907
237 557
57 542
601 239
345 104
748 442
883 2
420 216
730 663
715 426
756 433
390 499
517 216
603 752
495 380
635 584
539 495
749 257
325 142
693 965
203 566
924 1
899 48
93 650
797 863
327 862
590 192
950 159
24 962
967 743
46 849
620 721
455 247
712 963
355 195
313 784
844 860
463 304
4 369
743 284
338 334
451 579
449 828
585 900
348 38
623 97
701 922
93 801
114 191
320 104
964 959
407 850
821 617
198 419
61 358
355 521
259 121
696 972
96 91
777 723
803 967
155 930
536 989
514 890
436 586
866 803
2 108
789 20
224 790
726 368
144 857
64 256
798 55
727 287
815 80
875 257
826 511
994 801
374 835
724 87
830 258
380 56
423 979
845 916
25 531
28 933
24 918
638 134
772 170
309 646
718 291
298 271
905 341
704 288
831 663
505 28
916 533
383 638
971 349
689 128
962 792
704 92
184 902
563 955
496 962
715 808
398 295
750 894
317 989
336 708
465 555
292 593
848 0
495 777
156 965
51 638
660 410
731 537
469 191
491 530
225 662
906 98
683 822
388 292
267 274
427 315
14 729
850 535
784 352
658 755
540 125
914 331
820 755
420 719
172 387
830 729
422 283
647 373
896 777
518 471
516 903
599 569
584 877
757 22
465 65
46 474
848 49
422 70
426 837
455 110
778 694
167 520
754 466
70 696
269 909
711 177
686 761
821 531
680 272
697 927
149 527
439 595
304 307
88 998
438 541
934 250
185 34
139 989
14 775
356 691
313 724
708 764
292 354
800 417
308 973
140 408
285 804
647 462
904 495
708 651
479 586
295 141
996 999
754 552
274 431
776 130
682 200
118 860
59 102
427 835
302 664
324 152
524 456
644 855
407 942
622 567
828 82
429 601
79 683
302 748
286 157
483 290
515 771
429 158
446 635
399 887
380 623
584 410
780 61
240 23
208 182
448 278
908 952
590 37
599 850
471 863
187 403
397 814
646 560
414 250
309 533
359 957
543 200
319 199
919 264
240 384
991 17
120 838
754 990
844 60
744 895
193 757
373 727
632 818
696 47
513 511
297 17
326 647
657 482
428 961
446 282
733 233
472 298
355 239
326 360
889 403
852 987
137 552
161 221
982 674
730 406
429 796
740 895
319 780
712 849
662 763
606 921
847 984
884 60
261 311
544 143
634 646
346 615
258 782
847 986
136 462
122 407
675 244
226 997
392 472
254 112
423 674
291 977
220 943
35 275
380 193
981 597
895 20
465 284
989 609
234 141
209 127
438 423
294 404
447 704
762 705
831 64
252 725
125 751
303 713
306 562
295 307
778 850
835 862
313 186
448 427
210 396
45 29
558 164
115 650
35 413
761 144
552 586
82 425
151 710
339 132
540 825
742 216
353 811
951 731
534 129
22 447
943 898
949 903
453 967
274 630
317 89
861 892
484 989
340 753
573 694
282 44
146 789
158 245
652 195
9 416
228 352
875 488
741 45
815 43
641 370
243 852
675 167
820 862
399 116
553 729
361 315
107 687
194 448
49 350
155 62
628 962
689 919
578 446
59 972
270 596
658 381
441 845
770 814
192 220
130 829
919 795
762 4
114 232
930 913
191 850
491 876
278 261
708 883
542 317
278 450
407 920
800 981
549 489
640 246
643 245
948 85
160 885
164 389
845 198
836 844
450 579
774 820
883 128
473 311
832 417
798 805
19 721
324 182
516 738
994 735
14 881
476 786
17 566
399 49
345 691
274 227
938 223
759 571
74 484
22 890
260 965
48 317
119 750
187 109
998 992
286 274
740 78
750 125
706 689
686 880
912 52
148 403
277 161
760 92
627 496
3 944
736 161
412 24
399 584
713 172
360 104
588 188
486 30
450 585
284 653
110 698
561 827
399 950
439 121
839 289
799 424
700 972
316 53
71 512
983 654
217 165
462 845
190 160
432 646
510 158
451 569
357 36
10 149
361 981
372 141
803 267
526 690
490 953
612 129
133 239
738 185
994 681
349 923
237 360
505 616
426 371
979 860
127 919
829 556
143 312
125 333
227 249
133 183
239 670
135 120
821 288
344 455
944 349
540 372
749 376
923 901
772 978
97 189
519 978
664 873
355 368
657 468
617 614
890 67
561 278
982 366
379 304
819 120
146 504
650 39
212 915
504 13
413 335
238 295
364 852
384 106
467 625
896 658
954 557
905 970
992 516
635 984
965 104
397 387
949 739
830 130
536 208
6 467
371 710
258 408
24 305
485 424
81 860
111 311
983 789
796 430
316 569
180 113
665 518
944 726
685 59
157 923
944 963
358 99
601 185
905 625
171 665
4 918
729 309
342 655
390 804
412 964
98 305
983 688
935 322
552 583
135 685
656 764
494 846
111 486
588 249
801 416
647 282
329 855
113 35
91 449
604 290
52 89
990 200
805 498
833 600
340 632
551 892
476 882
318 349
326 191
738 248
145 672
867 377
13 916
429 741
566 503
937 454
911 124
919 284
945 944
995 143
289 727
407 256
442 883
210 744
402 874
992 977
531 810
794 451
434 616
726 977
931 958
91 190
483 285
973 781
333 302
495 500
972 974
954 722
396 185
213 688
518 633
457 339
252 680
527 320
854 46
251 346
860 226
575 659
534 150
679 163
802 235
545 12
556 681
288 613
426 708
330 590
567 420
241 581
695 128
841 878
339 417
437 719
258 105
87 934
987 769
899 81
500 274
957 73
459 266
301 161
705 128
153 661
272 113
357 770
360 8
543 787
941 502
623 142
18 986
