256
10000 10000
1059 922
5554 2747
8597 1918
759 4914
8233 5090
4305 4314
4949 5091
1612 6555
5929 5060
41 9307
5877 408
4478 5145
1128 7641
447 2734
3277 5301
7327 7228
495 300
9499 7628
6713 8980
8084 9103
8746 3267
148 6430
6872 9088
683 1160
7227 8507
5728 5822
1416 7648
2683 8220
704 3018
4794 5321
4818 8379
1262 7945
9743 6493
4044 6266
9576 6932
9888 5478
6454 8227
2456 2189
6974 2800
8113 3788
3933 9040
3105 6958
8448 6520
1445 7860
331 3850
476 9980
2223 9433
5014 6155
3300 1971
5506 6833
6246 316
7754 1275
7843 9509
5582 7905
477 345
5089 1186
5183 7731
3932 818
7650 1898
9607 7164
530 8569
2277 5079
4408 3482
5734 3144
8581 7209
8310 3855
1503 2740
1253 3993
4348 7048
2835 4693
6783 6395
105 1294
3446 9895
8447 5480
1695 989
3034 9622
7140 3720
6373 6719
5748 6554
624 5783
6814 2195
3622 2224
4100 1078
4364 2765
4928 8711
4095 5832
4878 3614
3936 5850
4939 4480
9149 9478
9081 6847
253 5854
3678 7357
1453 2532
3160 9320
3012 1329
3064 9706
9450 1726
4040 5784
4017 5775
7012 759
7863 3795
7080 3341
8769 9187
2644 9891
3722 5992
2898 9416
595 4027
5194 4010
8638 7273
9313 7317
3978 7926
8562 7938
5176 5792
7719 7790
1158 876
4021 4362
2720 5315
8236 6237
7892 4793
876 322
128 5128
6722 4345
2871 7822
9623 8291
8325 1480
774 9959
4889 3520
2491 2628
2291 8956
7230 9967
9166 300
8988 1053
3435 9740
4943 2200
8957 2447
261 2674
8619 3509
8943 988
5677 1567
4944 6329
2262 683
6460 7043
2440 1644
4482 1032
9667 7224
190 3360
6619 6446
5796 8901
8407 2358
30 7181
4098 2781
6345 3628
5968 1045
4104 3401
5127 8822
5576 8792
1531 3546
7744 5954
8382 7517
3242 6048
1557 9545
6331 6237
1443 6136
3486 9557
6531 2328
9250 9698
7768 3775
5203 1765
8383 7784
7787 926
1029 7257
4504 8588
5731 9844
1757 7077
5823 7941
4539 468
1071 9733
6877 3924
9914 9359
5564 5722
9212 7394
4349 8327
2872 2596
3859 1219
307 52
9105 6596
7464 8555
4082 197
383 6466
8888 917
8711 7165
4530 6178
8476 4056
3398 1580
2307 1600
204 4571
8768 1119
828 8277
2682 9715
1551 2961
3489 7930
3322 3213
6404 3710
2234 8499
9501 428
2243 9327
4409 3732
6247 5809
6492 4277
2048 293
5558 5532
1824 271
3823 9898
2809 6605
1556 6665
5666 4416
5158 1637
883 5701
3319 7732
3231 6323
641 314
2075 5036
9748 7974
281 673
2954 7423
8407 4933
1984 9466
6670 6414
6603 6491
8181 6236
955 8041
3662 6345
9577 2124
208 5429
9043 7492
7914 3844
7871 8983
8614 3362
6060 8121
8508 900
5897 3999
1775 4149
4190 1616
8228 812
5330 3872
1564 7311
4430 5728
2239 9988
307 3872
6899 4077
6880 5097
2119 5504
7210 5506
420 313
1434 8102
