512
10000 10000
1878 8246
693 4588
9778 647
6497 9808
7106 5388
6772 7366
3598 2485
4252 9325
6491 5159
9319 1854
9094 1432
1641 8754
9962 6741
1675 4930
6545 4474
8617 7088
4190 4847
5860 4666
692 3252
1734 9002
2816 1155
5649 5139
725 4910
9492 0
4073 8620
1852 4650
9214 7233
2591 3389
2460 4378
2844 2925
7359 6504
4182 6284
4809 6845
4260 2489
4971 7070
7467 9609
924 9572
217 4755
2899 6066
9638 431
374 9944
8509 5730
5601 6453
3358 7547
965 445
6268 629
2263 1274
3964 6435
3136 3334
127 31
482 1667
9423 1803
4689 7472
2559 2737
9465 3960
707 4594
2838 2211
7107 408
8635 6894
6246 9698
4569 7881
3840 8069
7296 2648
5800 7470
6403 7098
936 1070
4754 8577
1473 5659
3581 6735
8997 6902
1474 4054
6728 5285
4419 7845
1571 9236
3045 6561
1248 7542
4355 6486
6637 9410
5849 6957
3535 9012
3684 6358
2989 8213
5895 3868
6710 4338
5201 4512
6323 5810
4565 8715
2634 9153
977 3793
2611 6119
1884 6957
5897 2429
193 7879
2448 8227
3134 5878
3170 8758
7239 7579
3885 3240
7482 3448
4305 1192
7697 3433
1536 9920
4994 8437
5356 2342
5352 4892
4281 5312
6913 4956
5249 2031
2111 4832
674 4216
7575 1130
2654 2516
3820 1481
3477 5277
8703 3339
2050 3427
4454 7803
6436 7193
4938 7787
6092 5981
3840 1580
190 2084
1216 4960
2074 7703
1062 4948
1151 1124
1184 1015
4759 1953
3384 4534
8313 548
3061 6704
2454 5476
2873 9373
5583 5095
517 6855
6251 4339
7756 8884
6407 5535
1783 3957
377 9232
4516 9412
8523 8357
810 2643
730 5136
3388 4151
587 6373
7652 3062
4858 7940
3550 6761
2171 1967
5292 7139
4800 2807
1543 5145
7185 8228
7035 550
5024 605
8683 3008
9226 7285
4437 8321
3701 2080
169 7787
6707 6400
8193 1265
8288 8195
197 5889
7740 4272
5101 2271
9435 8770
6689 3031
2478 1218
3905 3015
1376 6414
2460 8677
92 6369
5911 3112
4865 195
5703 8013
1057 1911
7399 1540
5124 9597
1148 4539
3428 4804
550 2451
8632 4919
9371 6280
2211 5613
1149 2305
4461 2276
3426 6672
5924 7916
584 5568
8762 5941
5817 3909
6725 7303
7863 2266
9284 4316
2178 1056
695 7451
1150 4737
4801 494
7368 4573
2170 3688
8188 7378
5741 675
2233 9684
9105 4435
2485 3342
1168 7416
1035 607
306 8591
8767 8832
4157 6815
9524 4729
7746 1133
1223 7901
496 1574
5800 1786
3207 8067
3984 2124
6783 494
3765 3639
9279 4681
245 6636
9527 4387
4241 8418
1744 6752
2801 4716
5171 6670
9814 484
9417 3570
9929 4379
8668 1318
7562 3164
9985 1588
9077 8342
3480 3454
9884 1051
7567 681
5403 6225
2416 9047
8109 17
8460 7094
2983 5777
1951 9092
6628 8169
3477 9044
4850 9995
5990 7636
6878 181
7783 4381
4821 7534
3751 8461
1129 5121
6737 1556
9083 7360
5441 8902
3960 3999
9800 6357
1787 9908
3261 6821
5246 773
2572 3357
6625 6400
4213 2390
2815 3014
4500 8451
7023 891
9071 4738
3305 9807
1941 5174
3075 8912
5906 3667
3969 7039
7362 8358
9237 3258
2254 2311
4169 2963
9664 7318
4199 6540
6691 6804
1548 1552
8315 6895
903 1098
1321 5843
6073 6101
4203 565
4277 4909
3551 9239
9572 7294
2237 1222
430 8293
8060 9061
9519 1241
1770 1461
2843 7828
2446 27
13 7753
8137 2296
1782 880
1554 5589
8608 7393
8013 5577
7725 6881
6113 8518
4637 3600
8819 3992
2756 1695
9914 5365
149 9794
3842 6348
1245 3506
1813 6897
5849 339
1079 8750
1011 7566
5113 3401
714 8311
869 5532
407 7795
3915 5207
5584 1287
2258 8672
433 3766
7680 7121
9012 9090
1017 9678
3107 1920
2263 9386
1843 5763
8328 9799
5926 6409
900 249
2525 5688
4929 5046
2654 9466
8460 670
3292 1437
3526 1321
4200 8759
3869 7565
966 4287
4394 7823
2787 5906
5555 3472
1253 9773
9108 9070
145 468
5420 5626
4008 1381
8955 6902
8410 2245
9825 6230
9045 1577
7974 92
3375 1626
2723 5042
9266 4388
893 3319
2019 7589
8959 2654
1491 2294
1224 9988
8496 4259
8886 2232
4245 556
1865 2269
3750 3489
1978 9510
8650 9150
7496 2643
5383 359
9380 5760
1753 131
9750 2254
4927 5742
7932 9646
6828 4489
4150 2650
4949 9417
9831 8521
5148 6524
7916 2886
1260 6338
4188 5747
3816 7321
9123 631
5728 1446
9990 3972
2090 2802
4691 5275
9709 611
9583 548
8699 2520
9936 8107
9675 3639
1305 4301
8070 1046
4441 3440
611 560
7242 1890
4069 3294
7440 3913
1033 6315
9211 1551
4026 2670
5143 9065
3415 566
3178 7162
716 8365
221 6406
4565 6093
6272 2028
2654 4163
8349 8125
294 9482
5827 5032
1280 9021
6368 5782
1414 2714
305 3287
6522 3924
1525 8576
1347 6741
2848 6594
9136 957
5124 7818
3960 3897
2706 3236
4842 1345
1247 5660
8513 6439
6164 5583
6208 9223
543 2710
5135 2229
4337 1423
8490 5287
6103 8049
9353 7654
3595 5770
724 9961
7672 7838
4482 5666
6532 9
7297 3045
9200 1594
6465 2948
7176 1315
8039 1563
4110 5526
3257 7385
2456 3516
6066 6075
33 3511
1795 6068
2353 7125
550 704
334 5461
9860 9312
6869 1330
5659 8189
3707 8683
7192 9921
36 9856
5256 2986
5037 7213
6730 2553
120 2488
4256 417
241 6413
2071 564
5078 8099
1787 3397
6048 1223
1729 8850
2650 5896
6080 5457
8534 6634
317 8179
5958 8068
1890 7836
7617 4634
9153 6590
5265 9275
687 2252
9201 8577
6725 4899
8225 8665
3765 4682
5543 7732
3538 9825
9726 7962
8136 8668
4679 9628
7834 9060
1677 4671
793 7859
4273 2548
2240 932
8781 2957
4085 2056
4334 8784
2153 9938
9374 9742
1266 3461
9178 3287
2391 7504
5565 2680
7545 3886
8468 2411
396 8767
1412 9460
