128
10000 10000
7678 3995
4990 971
7608 3459
6706 7805
4580 9457
9622 3781
6168 3641
8143 5611
688 3749
1506 6149
855 7332
2788 4789
9094 5362
3716 6639
7066 3856
3718 4649
399 8823
5890 1517
4218 447
7357 7058
5105 7475
6268 9924
5864 1939
662 6300
1683 5510
2012 5137
2796 3610
4091 6164
4775 1126
5472 9918
2277 7510
2289 9960
1122 2117
7796 9108
2479 9444
7791 3798
8537 2878
5761 3077
7101 6399
6169 7772
3939 5513
2637 536
8150 6922
4549 6763
5631 9829
6695 7488
7872 6095
2291 1671
2678 2821
4296 7121
7929 6768
2238 3109
2898 1899
4262 163
4809 5818
5537 6442
3988 5412
148 4353
5897 708
3238 4020
3080 974
7839 9567
3324 1531
1913 5611
9230 5276
6496 2231
1253 2129
4744 2563
1339 6194
5933 4720
417 4867
1635 6724
7090 4986
3082 8043
2384 6110
476 7956
9415 8355
5267 5767
123 1672
9443 5791
1655 192
3232 1510
6197 3097
5982 9592
2254 5257
1711 4251
9906 8621
5755 4060
6875 2273
1838 5226
6267 4117
1590 5769
7258 9062
9819 1640
5003 4246
2005 6193
2570 3096
9044 3265
2660 9021
7608 978
9685 6659
6512 4609
3833 9342
3377 625
4743 9571
6543 1679
6514 1898
3617 245
5031 6834
3116 5646
9299 5544
4766 6930
8445 4628
1390 2801
3521 6614
7681 7339
4385 9780
3469 8190
6988 718
2017 6291
1010 189
5945 3325
962 422
5189 9131
7474 7905
5239 9459
2088 9928
3723 3597
