4096
10000 10000
806 7904
4547 5831
2277 9077
2891 5077
2661 6430
1293 4874
9716 3422
9047 5120
1896 7775
7306 2635
7338 4122
7084 2989
220 6292
1643 5370
6655 2836
4948 7880
5401 7124
4068 7364
641 1654
7936 5819
1909 2274
8623 1203
6867 3125
5626 5218
6567 9246
988 7399
8447 2694
1740 6495
2858 3050
99 7707
3559 3311
3048 7706
7546 6959
8921 7742
8321 4211
1093 9891
4540 528
7396 6514
8689 1500
8673 4846
4979 7125
3510 4191
8019 9719
3354 4756
642 4199
3927 173
2674 7792
2999 9423
315 6229
3915 3312
8266 8846
9731 3409
4081 9101
2590 4096
8261 9551
6510 5559
2173 934
6785 7185
9031 4583
8404 5626
3022 4765
2778 1044
5909 513
4359 4617
3972 4718
8536 722
3856 3568
1635 8065
5336 5377
388 3508
9146 526
9727 9132
9186 4268
5672 363
3800 7099
8146 78
5521 9994
1793 5020
5500 8317
9081 4836
1475 9230
7312 45
8883 702
4645 5543
9298 4772
4736 4515
3924 3929
9373 8655
1453 4616
7558 5037
7859 4316
5634 1909
3250 5399
9885 7538
639 268
9206 6118
5332 2552
2140 4048
9002 1910
7938 7535
6798 7141
8368 2675
5671 9502
4226 8747
2214 3501
8892 5084
1687 2457
1132 648
9341 9348
7309 6316
8137 5211
1916 579
7562 1178
4599 7790
9971 4732
5707 734
4008 3054
5118 991
4447 1950
2168 3709
1044 5321
4019 6982
5262 1859
8103 7844
9117 3658
6896 4599
4222 7378
5079 2647
3803 5519
3501 9229
7650 6564
4770 3731
3729 887
3404 9526
4075 3822
3065 6256
2444 8392
85 6504
7933 2569
9569 7788
1586 5113
7589 7326
2999 3886
3310 6110
8866 8034
7526 8932
5969 2879
5130 3870
7010 7066
7619 5788
9769 9801
2093 1628
7847 3394
9035 852
1029 6812
4897 6201
893 6768
7367 4524
8929 713
290 1688
6993 9828
3192 669
6629 692
5287 9241
6389 9153
5255 9125
1783 9611
6869 7684
3694 957
2511 1392
1352 8583
1758 6699
9118 9010
8328 603
2704 4799
8502 7585
7831 615
2612 2759
1699 3947
9390 1583
3338 7345
660 4783
1868 3606
6772 8315
8995 9991
1281 842
3593 5076
8016 2041
8683 5487
280 2248
4183 6709
6604 4739
9868 41
6546 8780
2406 38
317 3726
5443 8795
3919 9353
5935 779
8295 773
5134 51
1804 849
9308 2837
2367 2547
6681 6560
4614 4271
431 5027
6682 5899
6866 4902
6753 9561
5183 9128
9414 9698
1214 7571
293 6143
6487 2232
3320 965
2826 1296
4529 5661
5106 7284
6968 3400
7041 1060
8026 542
7883 9619
3421 9124
6155 5910
324 9563
73 9799
6105 8379
8622 6413
7883 4134
4523 4141
8299 3490
5370 5804
3952 3433
6952 3443
9778 287
6209 6235
9650 7896
4951 9916
9302 8716
1296 6024
9408 7631
6418 1189
2358 2096
1198 522
8448 1854
3410 3088
8020 9853
1146 2830
3851 2231
5554 4632
9793 5768
7511 6530
7012 8691
6225 9760
6839 435
7495 2810
1861 1674
585 8641
8643 175
7769 3711
501 1636
9584 3600
2098 4151
6421 2942
1398 43
9189 5760
9169 1448
2341 56
6453 1662
3335 9352
1110 1242
5367 5842
4381 1769
6987 9528
9458 3349
3957 3144
314 2041
4165 8264
3214 8078
6153 1237
7662 7211
5362 5498
341 2433
8103 6538
9040 5035
7320 1007
7766 9465
9977 9241
598 69
8323 543
1480 2301
6968 8875
8252 2799
3140 8476
7194 2345
6487 6022
1781 6858
6799 9914
7809 9596
1088 3163
7840 8988
3791 8200
8272 8862
5730 239
968 5715
5014 6771
1305 1018
7195 6384
7031 4243
2871 5767
6181 3346
9464 6264
9991 6709
2386 945
2949 6608
6330 2320
6326 6907
4729 1065
8733 5492
8281 1201
8239 7961
8182 9246
9090 9382
444 6019
5039 2474
6122 130
214 3301
7732 754
4591 41
2269 4013
4895 1391
2029 9296
976 2727
3883 842
1196 1107
9850 63
1736 2450
6500 6719
9868 9768
8595 2444
2516 1070
4594 6634
9776 7932
9636 5530
7946 9180
6980 8744
7207 8413
1169 9369
1681 676
7603 6593
4903 3826
6489 4675
4600 4684
1624 8391
9416 9630
867 3477
8528 1696
5599 9825
6307 7160
5471 1953
6747 2989
9294 8684
2537 2160
3950 8462
1088 2816
4331 8950
776 9353
9274 8621
8141 3009
6824 8279
337 2214
8259 6767
9767 6724
6771 3403
3775 6757
5307 5975
7273 8978
2561 7734
8982 6675
7426 5217
7270 4591
8068 8668
4992 788
5614 5366
6775 8458
7009 599
1612 8641
3377 9706
5306 5680
766 3330
5222 9468
8065 8795
5689 6108
8982 3515
6047 3402
8098 9169
1799 5097
802 6535
5821 1020
5603 6140
166 6945
7217 5976
8907 9558
5746 9842
9930 335
5903 9416
8573 4393
4158 107
1209 7919
2596 9145
5648 8952
9937 9202
3025 5732
8375 8727
6609 146
1958 4588
9184 7189
3256 9638
6239 7518
9105 8823
5051 5581
4524 6068
8596 5552
1611 5540
369 8114
1948 9775
9654 9656
8793 8112
1254 7516
155 2527
6050 730
3685 6844
2035 6225
7235 3579
3459 3480
863 1040
7497 1595
2178 9024
5577 6206
7777 4797
3763 5189
7477 2472
7956 5801
872 9977
8254 7498
8572 9827
6015 3405
1415 9223
1402 721
2558 899
2592 8333
5600 5265
7587 6479
1884 8415
5167 2699
3808 9116
3597 3025
6319 7323
6519 842
320 810
8520 9483
2580 7036
6187 3754
7537 6975
6425 5186
3092 3401
3879 4045
5358 4472
816 2202
5447 7734
6757 3432
7275 9797
5171 8653
2091 3474
7162 2791
1999 2976
5367 6068
1400 5355
6480 2044
9201 2665
340 5687
2781 1184
4311 6026
5403 9027
445 2817
3165 8258
9521 6332
9947 2576
2912 9075
5068 4837
2918 8716
1525 2230
7394 5781
8362 5228
7062 4310
5406 8261
7854 6924
8103 5065
1844 8632
7328 4607
131 2693
3703 2384
504 5903
6986 25
2968 5504
4939 1754
4936 2098
6093 9442
1108 1255
1281 7255
776 6823
8202 4682
6706 6173
4738 3775
2158 9045
1702 1638
3813 5098
4495 4509
6141 1297
8722 7503
6547 2067
2791 726
6840 461
945 499
8429 9446
6877 8887
7468 3508
7033 33
3685 3893
8091 4
3841 1696
22 915
7732 9681
9385 2163
4640 1329
5015 7312
409 564
6333 7684
8280 16
4315 4718
6853 7650
2857 6774
8292 6033
6290 6060
9943 4776
6864 8640
2730 8605
3667 4793
8299 5834
2816 9283
3858 9917
4651 9179
5047 832
8532 8204
5930 8416
3686 7210
4517 7151
5719 5739
4777 1915
7414 4651
9514 5090
6177 7114
4414 1782
6191 8340
1357 4867
4451 2628
8230 5818
4191 7166
3918 7090
1879 3808
2295 6235
6582 9782
1384 2282
1249 2456
1837 9019
3541 530
439 8181
2102 8675
9713 4701
348 4915
8357 1918
1968 5854
239 4224
1685 2931
3325 8040
9452 9052
6482 2527
7375 3367
6787 3764
156 2944
4660 863
5893 9961
4770 6634
6932 8535
8098 8079
6983 640
3507 4024
6229 2252
4557 5626
6226 6931
2427 5095
2675 7103
3700 3151
690 7714
2596 3262
6772 9597
6562 1930
9914 9085
1692 3795
1154 6164
7396 6250
9312 1210
4447 6471
4867 4844
7277 6603
41 342
2158 7645
8424 6812
7236 9393
7976 6411
5328 2892
7701 3522
5366 7480
5074 7302
9814 7204
1960 3371
3392 2358
8805 3882
5536 4922
1210 5530
5493 3153
5071 189
4186 9008
8301 1245
7786 6290
8160 8987
700 4064
9502 9962
4756 586
6119 7626
3824 7636
9604 4025
3759 6491
8843 6986
8635 7983
4326 8314
3720 6308
8546 9341
683 4617
8424 310
306 7608
2624 5622
1199 1924
430 6205
3450 2803
1412 443
4657 7330
4501 4867
2362 5865
1125 868
8869 6674
2374 0
7968 5501
9285 461
9485 4768
2626 1373
8407 2869
4925 2860
7323 9776
6430 4132
4699 742
5669 908
5233 5815
7659 2622
285 6627
3837 1621
655 9722
2928 9029
2352 2142
8245 8775
7192 1100
5732 4689
8392 142
1087 4452
5952 1928
7545 4143
7932 195
4317 929
2828 2563
3701 3682
1124 3771
3883 7889
5834 335
8100 6277
923 7148
6676 5815
7173 3326
2929 6268
1301 8868
6136 7721
4595 9691
8542 7445
3695 1405
6973 8938
3824 870
406 6253
9476 3592
3175 3248
5218 8062
6468 6061
527 2894
4864 1341
3522 1883
1457 3890
7290 2345
1564 6099
9743 8454
7908 5580
9369 3532
4146 3749
1935 7868
3280 8405
6348 7163
2954 3917
3280 4536
1440 347
1637 2050
2890 5405
9301 7861
4263 2308
6485 5676
1134 7736
9243 6275
1202 555
1954 3861
732 7334
3505 2849
4535 2654
4756 8819
9443 999
5995 4109
2960 6309
9812 2064
5204 8129
4031 4901
450 3179
9500 765
1653 1536
2485 6168
8249 8007
4243 1504
7541 5166
5476 7751
4878 3468
8965 177
3439 6348
8754 514
1371 5062
6027 4151
9717 2705
4920 6139
550 9951
4761 3
1616 1474
4209 9381
7579 6712
584 4228
608 4250
6399 9467
6598 2474
7639 3042
7161 2079
5241 9560
3946 1895
9883 6506
4212 497
896 4326
374 4067
5101 6496
4891 7176
4500 6849
4046 3858
9523 203
2433 5718
1653 906
3732 8453
9076 7730
6173 7328
2070 9790
3540 2927
6738 9861
6886 4083
7540 897
226 2782
4259 5720
1033 5843
6993 6066
6301 6254
4646 3657
3328 7330
9571 9772
6930 7961
4771 4553
4718 8180
199 1734
2488 6591
6518 62
982 6572
8308 8255
6723 5500
9823 8429
6171 3310
7903 2758
9871 8051
8528 1339
6343 4833
8388 3300
9008 5989
9166 5962
8930 3725
615 9348
2605 2671
8878 2655
3749 1958
531 1838
5191 4645
6259 7278
9869 4786
3442 9578
1967 2121
950 3200
2209 2087
4942 8623
5938 2710
1535 8682
8553 2009
2103 9388
7870 1434
7738 4574
6574 9767
6505 9489
2612 8112
4281 6834
2252 5827
3265 9003
3366 2283
7082 2106
6287 8207
8795 7145
8940 1903
1552 7447
4147 9991
1268 1526
8416 5628
1308 2713
8635 6417
5256 2629
7403 2812
3965 8756
2258 6414
2200 9161
4964 4098
5187 8895
3267 1170
7540 2321
4865 8221
3576 6230
5405 5843
5728 4558
5322 6840
5594 3446
7538 8003
1177 222
3560 6585
4543 6087
4946 2638
2646 523
9930 4448
7903 257
6868 994
3112 6507
6589 1465
8407 4029
1272 8439
5341 2033
770 5407
6277 8094
5595 9875
1592 5769
9687 9869
4507 1023
5568 5187
4501 6102
3513 2232
966 6182
2990 2829
4084 4506
6024 3756
2738 9639
7189 4051
4388 7364
250 2281
5312 41
9400 8713
9913 9610
2275 2937
4008 3933
951 1940
5549 9951
5832 4366
1396 4307
347 6191
664 8555
2682 1449
6887 5410
1788 5870
5467 4719
5839 4934
1663 8118
7951 9504
7080 9748
6920 5495
7035 5581
77 8108
4376 9016
979 6154
5491 619
6212 562
9087 9155
7315 9719
6183 9292
2709 3845
7732 6070
6294 29
5638 1682
5258 2542
6977 2829
2401 3084
6313 4684
4946 4968
977 8100
1140 9020
4752 7089
2111 2303
4648 1827
9168 5640
8441 2541
6839 8687
9556 6696
6998 7514
71 3555
1019 6532
586 4881
7574 1593
788 6386
5991 3800
5509 9492
321 4664
7409 6615
6646 1408
224 3615
5646 5699
9052 6801
4251 1055
8094 839
4568 2009
729 9393
1444 2442
198 9155
4769 854
7705 968
3126 7998
492 8185
2258 7251
943 7905
23 2587
3889 4018
8551 4925
3241 2659
9342 6389
4722 319
899 8549
1860 2339
5109 4168
1907 3072
895 3999
1564 5813
5057 8084
2944 6347
9949 90
7234 5207
5973 3718
9969 3119
4872 2653
4655 4639
8486 8048
799 1118
8173 6968
6075 2242
8518 5959
9307 8839
5772 6871
5191 7105
3252 7671
3353 36
5826 228
6002 1110
2554 1823
8296 8282
1850 3774
3532 2733
8641 6771
7514 7774
7356 9016
3911 3106
4536 9535
1754 3516
4989 2803
9791 1956
6620 2742
9513 6990
6120 8082
5042 9370
2328 4674
9407 9714
7393 4085
9980 8050
4175 446
4425 9766
8983 2087
2931 9804
5544 2254
8044 6331
9994 1660
9881 1005
1015 4224
8897 6600
6318 9675
3830 4204
5143 6498
1347 6302
6503 9278
9744 6417
8940 4316
8380 6551
9385 4146
9992 3892
911 904
2273 6594
7625 264
1927 4224
3847 5361
9938 2695
7903 6482
1884 8501
7774 3885
1961 6736
9878 7862
2844 1461
2873 2565
1235 6616
1222 4273
547 214
4231 7573
3196 1352
6172 4177
5125 5918
9612 8433
3781 4400
3258 4437
4545 7373
8004 1352
1160 3241
5823 5292
3219 3296
5177 8512
5619 7923
4520 860
2436 3692
9571 5101
2052 6635
8148 9718
5830 5291
2710 6943
8731 4106
3342 9381
6424 688
5341 6965
4557 5343
8082 1970
5689 9215
9494 5307
1898 22
1057 360
1508 322
6694 1474
8897 4477
4626 5993
5940 925
7503 9552
2433 774
2681 5295
832 3774
4412 9129
7558 90
6169 1789
533 763
7270 2709
7402 2402
3145 1487
1491 8655
7951 4546
6444 364
4410 4748
3187 1797
7894 8764
6800 6981
8262 9357
2101 3589
1435 1720
1821 3429
4626 9451
696 9652
7675 3851
3659 518
3104 2952
6060 8238
1146 8569
7933 2075
8916 4401
3205 694
3431 1609
9737 8442
3110 4277
2458 7899
9376 4997
7905 6977
9750 7164
3523 2834
1514 3042
328 616
1859 6369
1386 4674
4004 1873
8487 4672
6305 1175
4468 9501
2067 3154
4152 2689
279 3925
1041 8784
1880 6604
1767 7620
7876 1871
3168 2494
9024 7186
447 9357
574 3472
3877 6479
6540 4527
455 1334
8765 502
6554 1879
7117 7078
2360 4400
715 1329
373 7308
564 3089
6082 952
2907 5443
8288 4541
7654 4256
4317 8380
2485 5903
5363 750
6247 377
4601 8601
6452 5102
5890 2540
3589 893
8069 5110
6584 744
7012 7235
9532 3700
2099 2321
3380 2297
2453 5801
7701 6054
1616 1841
8246 1649
3142 8865
2778 361
7342 4194
364 592
6164 5898
3894 4672
6121 1508
3710 1548
4432 9739
4201 6582
8519 2191
9308 4639
7625 9815
8394 9608
3474 3047
3615 4618
8984 2157
3729 4682
2121 9152
3816 2420
3199 2299
620 6848
2905 9587
8597 689
984 1891
6051 949
6794 107
9154 1482
4328 919
8739 1738
292 3547
8181 954
477 4732
3894 5145
7830 8257
5952 2522
6891 7583
9690 5830
9486 6246
2777 3260
4856 9817
1001 9274
4927 4796
1893 3273
1837 2962
2363 1158
6724 4815
3942 6075
700 1929
8446 5868
4100 929
5146 8486
5894 4245
9943 6802
7666 465
8347 8372
6175 6291
2579 4328
6192 1672
5048 4087
3960 7677
6967 445
2577 6854
3521 2125
5544 9328
5755 6470
3913 1861
2597 860
6541 2316
3537 7571
3446 5237
7562 4021
4923 1307
1672 6970
2507 858
8911 868
4829 8992
6508 2336
8572 8610
5518 8989
2789 1474
1316 6419
7749 8500
9458 5013
2009 1019
2315 914
4710 2631
280 7765
1502 4900
2346 4129
9349 6284
7802 4846
6995 476
1553 1134
589 7641
4075 5275
2714 7489
4067 1735
5881 6804
3779 7608
3456 9913
2897 8172
3385 3548
1712 9408
300 9965
8440 5305
9334 3051
9528 6003
7961 63
3748 2433
9308 648
2619 1075
3400 4392
9483 6958
6256 3085
9065 3748
4632 8765
5928 2608
1123 7975
5068 1760
9422 5422
7886 1734
9872 4303
3592 7968
3437 2728
6293 9087
1872 202
7060 3583
4529 333
1400 8456
6338 1012
1648 6630
1088 2614
9703 3195
9470 1174
6558 232
3571 9467
2007 6345
8197 460
1833 3106
2798 8600
9613 833
7628 136
6443 5418
3223 8825
2068 6528
2555 9414
9725 6291
671 8285
9077 2862
653 9705
1532 6771
4898 7838
9135 6802
1172 2289
2204 6049
9468 353
4002 8213
2397 3073
5146 8137
6108 6228
4825 5491
5481 7500
8852 7284
6610 3533
8286 1365
2764 3851
8201 7008
3478 3309
8538 5245
425 4400
1666 175
6910 6313
8832 7038
6081 8377
6639 8030
1026 8357
317 8618
8101 4501
3261 3874
2580 6293
6365 2695
9265 1530
9254 4820
9985 47
2207 3134
4349 9052
1334 5261
8505 2158
7143 1639
1393 5029
230 3028
861 5872
8608 7154
8108 711
9969 9501
601 5721
9798 6582
7449 9187
8416 4914
7083 5217
1477 8393
1720 1106
3574 6002
7761 8985
5237 1561
3588 3369
6771 4103
110 2755
4693 6475
7035 4689
4369 4627
4527 2065
8845 3368
2818 7366
5840 2133
3071 1834
2095 5331
9611 7166
6498 9049
3504 3238
202 7810
6007 7842
9931 541
1913 3649
9337 1936
6559 1669
9044 7921
3639 6856
5062 2686
1985 2754
8713 404
5841 8946
6392 2184
7040 5256
4697 4584
3233 9036
5512 2624
4372 5590
7721 3845
34 1228
7254 6820
4351 3269
5155 5984
5466 5207
2111 8134
7802 7569
6949 6997
9659 4917
6966 3487
6269 6590
6522 1791
5191 3148
8283 3967
3390 5084
5337 6178
2033 5829
7558 1330
7572 8518
1487 4629
4756 3039
3702 5634
246 6447
3797 2322
4445 7473
5969 7684
3946 6952
3449 9834
3507 3584
4838 3190
737 1499
7739 1550
3326 3965
3904 4664
4188 9313
2365 1961
4288 4262
8417 876
8160 3074
9727 9827
4840 5110
7063 8541
9145 1051
663 557
8602 387
1724 390
1950 2768
2333 2987
8662 4528
8272 7855
4751 8473
5615 912
4567 2449
2865 3346
2309 8960
9344 5255
4802 1778
9739 579
4564 4084
6172 9743
893 7553
955 6457
5925 5861
4190 543
8045 1963
710 7952
5061 5405
9042 9669
7765 5334
5769 5098
6861 4580
7430 6071
6744 984
854 5835
8047 4737
794 4091
7883 9951
8501 9876
9142 7162
9459 293
887 8894
4169 8406
3712 272
9090 2341
2323 6684
5423 954
9143 5147
1167 9379
5488 5290
7520 7396
3206 6245
9397 6536
1518 9199
8629 5449
3682 3463
5682 163
8954 7114
339 396
7621 1087
2530 997
7933 112
5263 5296
153 4805
2367 9200
211 9121
9896 2447
1084 2850
3225 8865
2098 4501
4452 7121
8225 4596
5529 3338
9573 707
9070 8434
4345 1243
4412 8810
1591 2123
6065 5711
9457 6379
7495 7754
7655 4030
7835 4805
8016 3957
7128 5280
6376 7327
8727 4267
7511 9111
7010 746
1968 3250
9975 6596
8593 3671
1176 6217
45 2215
1929 5298
979 23
2480 8315
9852 8359
4533 3617
5355 1195
9363 6269
1135 9359
7382 8369
2880 9131
4273 1208
9531 2726
6619 9374
735 1632
5964 2281
7647 8316
433 8784
1514 9541
7725 2331
9480 8933
2342 6299
441 6076
3058 346
1908 5812
3781 3830
1590 8214
1373 8997
345 1098
4352 6442
7401 6337
4419 6693
8393 5027
7168 9089
5426 8461
6299 7242
7979 6006
8852 5106
7206 7418
493 7465
4578 1826
8899 2081
8235 4111
2149 4212
6093 6387
5823 2489
7395 2082
2783 3742
2717 4283
6989 2559
8928 4448
1592 9894
7773 9919
9376 6357
44 937
8983 1380
6596 2524
4175 1804
6754 942
4129 1805
8679 947
5700 7006
9586 3841
7853 9617
2591 4742
2994 5121
5079 8834
3654 5088
4955 6713
2603 402
8637 4617
4299 9959
3249 5986
1810 4776
1641 1449
8930 406
3974 5685
6792 7906
4822 2666
2060 8383
8198 2787
5570 1567
8319 5172
8393 7807
6586 3894
1882 2272
9955 2406
3102 2792
8970 6813
769 8911
6504 7341
4810 3066
1892 2287
4350 9211
5817 7139
1309 8080
2952 2928
1272 3519
5835 7250
3758 6052
9012 386
866 8650
1963 3330
8649 7799
887 172
1806 4559
4591 2343
5736 2753
5279 4705
3159 7552
224 1035
5591 4958
1382 5690
4964 6468
6492 1733
5855 7435
1458 4166
5859 9075
2370 9578
7248 741
7982 8840
8976 992
4313 4376
8180 1456
6154 5712
2749 4657
3490 2384
8602 1722
1333 4933
7783 702
6511 5579
8427 6931
9188 416
2737 1717
150 2608
2038 4462
2248 8384
4322 9969
2061 5280
3809 9842
6716 3567
356 671
2119 899
9986 9943
2543 6928
4550 4617
3330 1513
990 9747
1893 7255
3910 9415
2372 5746
4956 1486
569 6114
6873 7313
3768 7343
7087 8803
1857 3741
9543 3359
7598 2751
8718 7148
784 6727
968 7105
7958 1596
1287 4444
5665 5118
457 2291
7083 8836
3633 4543
44 7936
2302 6218
8978 9789
412 5808
5069 6334
3218 361
7109 882
6443 1331
6109 1167
250 5224
1782 5071
2108 9322
487 7351
9463 3650
733 5941
7295 5344
4951 8580
1021 325
3448 9458
9405 8624
3529 5236
5807 5877
92 5644
7560 5030
1358 2642
6174 9014
9941 7905
2796 569
2658 1596
7875 2894
4780 6383
2633 2618
3241 6107
5950 1596
2602 6227
1852 331
2114 9680
1649 5460
5438 8664
9340 3120
907 707
9441 7937
9002 6176
9036 2578
4264 3954
2987 5145
4617 8909
5605 3930
746 7602
6780 4644
3583 8862
8656 9722
1819 2957
7806 5732
5574 6122
6936 5753
8920 839
509 9322
7962 9448
9476 2989
8052 4399
5525 2065
416 6497
3926 2986
9941 9544
2431 3018
865 6730
5196 2539
7778 5013
2164 1112
8268 6599
8681 9445
8027 1650
1870 990
4671 1186
4237 7885
790 7531
4831 9108
478 7289
5747 2681
7260 9106
5276 7901
3209 6332
6254 9467
9253 5038
4426 3006
7956 9929
9964 7135
5058 1519
634 8487
7670 9674
2920 1766
6595 1525
6736 8017
8118 9819
5053 5360
4369 4721
5942 8090
5733 5949
8477 9812
9224 9169
7060 5577
7969 4096
7547 1341
4543 2752
7962 7505
6426 5115
9413 6082
7462 4832
366 902
7613 295
3335 4106
8095 1448
8458 4829
4539 5822
5360 9853
1467 3991
5478 2542
5439 6788
405 3539
3085 2517
2004 8179
7191 6995
9100 4000
3985 3387
7195 9914
2918 5458
8829 4206
7443 3551
9263 8896
7480 8438
8936 8020
970 3674
5777 9605
2143 6532
900 4908
6196 6198
7814 6941
5454 377
2279 4607
8020 8380
9708 9805
103 9927
4653 5000
6045 2090
1458 4581
2662 3819
6155 8845
4986 4457
9632 8050
7140 5839
4971 1010
2614 568
111 7883
3590 8706
9847 3775
713 5735
9864 1457
415 282
7208 9202
2479 5498
3133 7296
6675 8635
635 7632
5352 7848
6826 1612
2674 2579
2814 4354
2041 2263
2750 2915
4412 9291
7013 135
4973 7478
5288 2571
9043 2814
1650 9141
8657 1289
8496 8157
3123 7096
4951 7182
5132 6942
4265 4412
8004 646
2008 3667
3948 4397
6956 667
9390 4082
6052 3304
6728 9625
5475 3645
9421 149
3663 8819
80 1819
5419 9199
2884 2674
5792 8169
628 9514
8188 3664
4144 3522
1553 8864
1824 4395
8311 5392
6842 1207
3859 777
3046 3602
3688 1028
1101 7363
3175 1649
4341 1103
1897 418
8758 7692
3875 3016
1673 6286
2096 952
2570 4295
7515 1287
5896 7297
7772 7614
7652 239
3656 4676
8125 5099
8573 9244
1606 4304
1262 6129
594 6605
3226 5376
2246 3713
1786 1621
7319 1019
7918 6702
5891 1732
5126 1538
9743 9463
8654 3262
555 3055
7636 1116
2868 7460
5799 6923
4851 6203
9112 4340
1674 1703
3875 1492
2382 8082
361 8278
2593 5768
6923 5757
2492 5657
2864 7854
40 925
5342 2253
4056 309
6372 3868
4855 4781
2506 7798
8405 3101
8148 1991
5428 9143
5788 8954
1256 6722
5050 8842
8180 1816
139 6567
5417 5186
1206 664
1548 2493
2951 8974
6849 6266
6289 1251
1302 4896
9514 8583
5162 6195
5114 1274
900 4525
4300 3568
3528 3771
2175 2536
6636 9419
4068 1880
6762 2513
7347 115
3692 5307
757 5830
9794 357
9235 4324
4548 9150
8844 1032
244 6495
4845 4799
9082 8998
5871 2681
1347 2858
593 2151
1428 2742
9511 2262
1446 7667
203 4531
9378 7398
5423 3716
1325 9215
5313 5903
9376 5547
2601 9769
5868 5184
8082 5119
6918 9312
9941 6764
9785 3513
1844 6376
1855 126
6854 7307
9205 1589
9958 4504
4825 859
7677 41
9772 2276
7150 4178
4255 6148
1776 6493
70 5648
8394 9280
5336 1243
1682 806
7028 9908
5871 1731
3257 5672
2699 6119
3955 1743
2562 6517
6136 7073
112 8009
4249 1373
827 8914
1116 1797
2223 225
6821 4955
6462 9522
4243 5363
8249 3683
4060 6568
524 203
4238 7899
1328 3980
6969 7444
3954 784
9305 1719
7069 545
228 7146
4355 2787
7148 2315
7888 7938
6998 7486
653 4465
4586 7143
3665 8052
7820 2740
405 9429
5723 8593
5575 9513
2310 8583
2344 1913
1805 5565
6515 1070
3422 7658
4238 3229
4100 7101
8217 460
9755 4745
6757 3771
2342 2677
4585 6872
7174 9882
771 3532
9301 9460
3268 9208
5408 6178
6065 7557
9819 5454
7896 5658
4472 8229
8070 6782
8539 9708
9404 8953
5640 4441
3967 5013
322 7551
9426 7139
2273 4784
5176 2270
8455 5670
6934 5801
5539 585
9066 5711
7241 7523
8500 4529
385 1173
6098 4987
3428 8508
9568 5465
114 152
5037 4565
1447 2357
1441 7324
5833 8616
5426 5020
3749 7410
2472 6459
6433 5557
4894 123
3540 6434
4711 3748
8127 356
9432 5159
7105 9911
7444 9974
5287 7632
5730 1512
6912 2885
277 3576
5195 8713
4631 9039
1267 8564
2417 3140
6271 6173
6994 2532
7230 369
1835 549
7473 3545
2543 3041
3417 1555
4765 7525
2407 1669
3109 1782
2089 1236
9733 2626
5176 6665
2213 2983
8662 6701
9856 7969
7049 455
3965 6909
8043 662
6682 854
7351 5248
316 9414
4112 6232
2858 6689
8849 8174
7285 2837
1430 1936
5406 4982
1293 9361
1848 3521
8425 2160
8193 5498
6356 9342
7179 8180
971 2266
7510 2760
5037 2781
2429 7064
7099 8431
1116 4376
5563 3488
3666 8616
2332 1828
6401 5581
3989 235
3305 8774
5708 2064
9725 6129
2849 2273
9222 2009
9642 4609
2522 5678
4881 5566
1659 1176
142 8807
2283 3539
4167 7861
5034 1927
171 6822
9901 8163
5754 6711
5629 7719
4196 9497
965 2744
3739 9472
4258 1946
3331 3523
1616 3212
4078 9085
5632 7152
8189 4654
1269 5940
6201 3590
2475 6271
3200 8420
512 2592
3523 497
704 7520
1033 314
9740 761
1727 2504
9698 695
2666 1982
5988 1990
6895 2801
889 7907
4516 9769
2387 5565
5504 6755
7370 2655
896 4988
1250 4153
5350 7650
6773 2672
6603 6083
9264 9729
7630 3004
8848 7326
7631 2581
5937 2410
9860 5464
2097 4156
5674 4762
9775 9216
723 7740
8883 8630
8526 4625
2373 6968
9382 4201
789 4635
9995 103
3715 3564
3078 8097
1502 5647
5996 5916
4348 3042
6148 2854
5650 9557
1408 4109
2361 1639
7838 2958
9335 8088
5161 1901
4106 8108
3947 4467
4893 7947
8231 3470
9842 6169
1221 6815
3461 7348
1749 9314
3427 5134
2939 5964
245 9088
4898 4802
9836 364
9281 2948
484 2094
2946 2599
4643 3259
9959 2563
535 2783
3952 6601
9745 4594
3666 249
6595 1596
1743 9386
1298 5391
7085 4341
5399 8528
4072 732
1777 7301
5580 2837
7041 4197
5058 6685
9162 4591
2211 7250
7870 1875
5534 1036
2815 2882
5576 9087
653 7840
3115 2488
3418 5408
5356 4641
264 7672
227 1443
8915 7930
8038 316
4459 2885
7301 8279
1613 4656
2079 7536
8019 5679
9375 2035
8788 8471
4500 9568
5337 8162
1217 4085
6634 986
1163 1976
3290 7359
4999 8914
9528 8686
6157 2487
7448 2220
4706 43
65 4294
6825 2233
2320 2061
3861 2063
8504 4342
8105 4900
4477 7182
4651 3490
4900 5225
3318 7717
4262 545
9800 1113
7447 4851
1266 9064
1877 6535
6501 5717
9353 6771
4463 9953
831 7337
2875 5093
4499 7271
7437 7008
4468 7650
1832 6646
8128 967
4039 4434
8676 4128
9963 9875
6403 1045
4387 1182
4682 2814
7983 832
6584 5855
4716 7899
8643 9623
1401 3300
7211 2672
2337 7169
1902 7262
1796 6738
3278 9043
1356 9205
11 1696
2778 8322
9283 3245
9830 3872
2778 9605
4874 1158
1289 3121
1707 3321
1003 6290
44 1146
1079 3153
9863 6384
7747 4330
7825 1887
2660 8166
3302 1206
8656 3670
2790 9339
8893 8468
4290 7234
4612 3124
1570 4730
9005 5334
7790 6132
4756 6095
6205 823
9577 1517
4424 8551
8119 6589
1998 9123
7747 3782
9415 899
5542 462
7256 4026
5867 6603
1001 4739
6174 1500
4253 8435
9641 3929
9416 9138
5106 6169
9327 2105
6666 5758
2547 5879
7600 4105
1038 2476
6771 8608
9170 5167
8826 5332
1043 3555
3180 7177
7960 6715
7247 7609
4568 8134
4587 1570
1560 599
451 1739
4393 1336
6319 2957
8009 8239
6012 6788
5015 1160
9587 4027
5182 9334
8905 4032
1761 2713
1809 3222
9740 1726
1954 2233
8932 794
3466 6227
1360 1156
4250 6710
4214 1032
3636 8368
5381 9110
5406 7775
3872 138
9240 7702
9837 5626
6344 4035
328 3147
6670 1546
8689 3911
362 461
4049 2562
9867 9516
7225 377
5967 7295
4985 5730
7164 3857
5179 3262
9268 6479
2104 9794
9447 9182
2053 7683
5493 5358
4765 1032
568 7995
1331 1917
5182 8525
3893 5247
5246 2124
2033 8623
1769 8127
4927 6768
1873 9427
1738 7474
3948 7885
5500 6260
2310 4504
2101 9808
7291 347
6701 7955
447 9772
4191 7066
4797 3534
8133 2932
9582 7694
4980 8686
4468 5535
4939 2742
9165 4730
2607 9241
3837 7839
5172 6313
6586 9491
9898 6625
7840 4169
6587 6595
1353 3414
9828 2160
3306 6355
2625 5564
8290 3478
6579 4595
9632 3655
9418 7829
1016 395
4981 4809
3998 2477
6629 6323
6519 6814
4345 6302
5361 407
3995 5611
7363 6761
628 3176
7740 8219
6059 489
2645 6145
1999 9670
305 705
9093 3205
3239 3409
9402 9039
3680 9476
6296 3087
5517 6488
780 7461
2199 6716
2059 5640
740 674
5615 4306
2009 8900
740 4580
2673 1006
4668 735
3915 1885
2306 6294
4310 3131
3258 1014
3169 1358
5010 2385
2585 7562
3725 5998
8482 5238
251 7177
3593 686
7606 9206
5395 6311
8224 5519
5753 2142
860 9316
9638 1072
7781 9301
2576 5337
2231 8460
9709 1332
3885 93
7903 756
8998 6500
4817 153
3526 2269
3018 1766
9232 3698
4660 8084
5495 4223
8707 9044
8598 9306
6808 6080
158 96
8925 2215
918 6541
2327 1177
8655 8533
8915 172
531 9383
4321 9540
2988 7863
598 951
6318 2921
9461 3725
571 1256
5773 9724
9227 4427
1456 3505
6442 3864
8988 3638
1495 1041
5018 3366
5337 4006
1910 8264
7257 950
290 477
5754 6408
4560 4724
5975 2126
1488 3562
4799 8869
8765 5788
8794 917
6781 2833
8841 7670
3588 323
9252 4744
7328 1491
8697 1785
5746 7843
8606 3833
1552 4661
5373 8192
591 715
773 6194
5652 419
3078 9731
2963 6883
2779 5616
3254 6962
4710 3254
2865 2318
9615 5574
4448 3179
161 84
4579 9786
5542 3052
9041 3035
130 7640
7023 2854
6186 7005
1154 4834
3644 8535
3522 2902
2381 9477
6647 5155
8749 4383
6677 5088
7462 9399
8429 2345
8360 9747
2859 6395
2872 8143
2710 1963
1937 2163
5284 7127
9240 8453
1654 5488
5005 5599
2319 3379
5784 5240
1588 6101
6321 7108
2530 6875
9708 7095
1647 5087
7550 4118
6896 7299
4300 3768
629 1282
5197 7915
8525 8816
9064 2218
8498 3108
3804 6139
2594 7919
3949 8190
8851 486
9246 5921
7823 6721
5388 2714
7558 6605
7488 3644
842 5991
9734 5437
3668 3185
5153 1674
8871 60
8586 6560
5568 6582
8739 7272
1518 4917
7858 5895
7516 9732
6913 2602
2082 1133
5359 7354
687 338
1801 8167
2729 9429
7292 3762
215 1761
4188 5839
3751 7457
6207 5910
5783 2641
9260 4290
8810 5395
4267 5728
9379 1229
3098 8472
1370 8197
6413 618
1379 5666
3501 4440
1708 2580
6466 202
7548 7126
1356 528
6070 9747
8987 424
4112 5344
4232 5285
5612 3123
2026 3636
1434 4911
7973 2073
74 9437
4516 7459
7793 1236
6835 9988
1158 5037
6998 4870
5006 2715
2938 212
8024 6675
1553 4695
2135 9042
4099 3235
7143 9552
1254 374
4681 9480
3096 829
1215 5027
6865 6691
658 1327
1892 8360
244 5561
6244 3732
7275 2251
4668 8775
1118 4509
1672 5394
1904 8697
1563 6480
3827 8912
438 6856
3477 5065
1298 1231
9897 5550
3605 9689
4066 843
6548 9829
2324 5763
7577 8378
6385 2458
6043 1032
2715 2826
6056 3862
5089 9029
9680 6289
1011 9812
4707 1618
8578 9741
197 9432
7799 5966
4579 2137
2962 6263
4883 5821
890 7770
586 2345
131 3457
1912 6550
3586 8579
7664 4118
2567 2432
9796 6313
6901 3668
373 6653
9775 7175
3714 17
561 8970
450 9372
8516 3805
8742 3367
507 8046
6411 7080
755 8075
2167 9772
4189 7227
3619 6034
1513 3963
7791 2872
1181 7574
6187 953
3013 8975
3130 9056
8388 6627
6442 5826
2616 2099
1140 3031
9757 5886
9764 8163
6103 9728
7178 1562
9423 8616
7691 5563
7935 1060
1694 749
6090 5088
2231 882
3044 9784
3489 4548
3082 3045
5794 60
2560 8728
7630 6600
456 5552
1963 7684
4412 5127
2068 1128
5919 4530
4001 3996
1243 834
9193 4865
4582 9173
9292 6300
7176 7941
2680 8145
6671 7242
6032 5089
4353 2143
386 4737
9462 1428
9915 3133
5378 2891
1444 746
8556 2728
3282 7916
7957 6531
8999 7703
5166 2236
9367 875
3465 7454
7978 9170
7391 5660
685 3608
5766 6869
5569 5194
8594 7677
6025 4413
2043 3585
7378 9690
4649 7594
6602 6171
8200 5919
3208 9948
8648 8018
7409 5430
7569 542
8543 692
7153 6803
5284 4864
4387 1815
2724 8930
8006 3893
3315 3071
8262 8980
2793 7698
696 3232
8667 1559
8271 9523
4958 4396
129 5041
8355 9395
3836 995
3792 7044
8166 7155
1071 8629
959 7134
4703 1709
959 9679
4721 1369
7937 767
6588 9923
4919 9520
9599 4414
5444 6657
7077 4339
594 8095
7736 7848
6042 548
6307 9356
2512 7136
8362 4289
5588 4163
1716 8606
2034 7223
1380 5290
1898 2381
7992 1903
1635 8923
6184 8192
1749 3256
8267 2442
3999 5963
3075 6048
780 8102
1317 178
2867 5567
1963 148
4413 4161
1799 4396
9849 3104
5162 4069
5537 3991
8159 4632
3921 9825
5865 9839
6971 6419
8587 5253
6181 1202
4020 9327
4301 4239
9321 1295
589 8882
998 8816
6794 5388
5964 6829
8790 2113
8872 4863
7750 1853
8376 7984
8266 7122
4487 7678
9869 4313
621 6104
31 6685
174 2218
1454 3526
9758 6007
472 7987
1265 6759
242 3912
1016 9616
4827 2763
35 4035
9612 756
7688 5156
7575 4745
8170 9323
9857 7185
3218 306
5514 3457
6671 4481
1902 2584
3831 4220
4946 6562
414 5042
6215 6712
6427 9673
8854 9918
6469 7752
3338 6742
7973 8350
6607 7109
6250 3891
2458 4178
3586 8171
3961 2718
8964 3727
7328 7762
9412 6243
3942 2462
1874 835
2109 2719
6481 8809
8644 8413
2405 4500
6875 9583
9087 916
3934 842
9856 5617
4597 2715
6705 4091
1985 4443
3044 6255
3049 5644
4558 8981
4125 3013
4198 4996
853 5821
2816 4364
9519 7539
9394 5321
9794 1513
4117 4943
9659 3112
4553 2422
253 1881
5343 3195
7779 8722
857 6397
2250 4068
4873 9548
1407 7044
6183 4054
8139 7868
7874 4201
8583 2714
7853 6140
4835 4042
2776 3720
9148 3078
6925 460
8440 5343
6933 7000
5792 8017
1949 4151
7340 7329
7008 441
2431 1527
3672 6325
5569 8985
8059 4286
6509 4231
4732 7338
4542 4335
4036 7225
2925 2590
2075 7034
826 9898
529 662
1193 2888
9936 5805
7264 8620
8258 2389
9753 9011
2165 8480
2475 1869
9197 4754
5060 8132
9697 4527
2977 3625
161 5579
5229 7513
607 264
849 5988
57 6525
3566 6750
1732 4086
5761 558
7069 6310
6778 6201
590 6479
9899 8024
1213 8413
7432 6438
4240 1534
3566 4543
264 345
85 4158
722 3679
8966 5923
1767 8608
7039 334
9407 7185
1252 7457
8134 880
8053 1518
2175 9300
7290 5115
3038 1472
8212 4030
8356 3266
731 2778
6223 6857
1703 2541
6705 3822
1160 4856
9375 7591
3640 3321
6460 2044
2306 8153
6884 1726
8099 9050
2843 1853
8208 1851
3102 8446
972 2746
2060 4719
2575 5393
2949 7077
4164 3528
2397 6492
119 6173
3543 6701
9192 894
2974 549
9578 3731
6025 3772
8262 3845
2855 3410
6143 4792
9645 1835
2339 2142
6344 7438
5219 8293
3651 2371
9804 2313
7926 5269
9748 8308
8914 734
853 1039
3077 7137
555 9885
9868 3217
4321 4194
7253 2794
6707 6071
5567 4039
7905 9502
7920 1892
4133 5467
8423 8458
7811 5082
8556 4765
5757 6936
6771 7851
5169 4430
5062 8034
2686 6343
1448 2259
1746 8570
4850 8810
6686 8532
914 8173
6776 2880
9076 8500
9205 6723
8286 6126
4658 9841
5958 7924
8835 5903
6259 5314
9008 4450
850 4507
5136 2534
3770 6288
9142 969
3844 6166
9038 8000
5332 8650
1036 1731
1268 5243
8617 8428
19 9327
4206 5059
9655 9064
6149 4840
9146 7478
7132 8589
5105 8666
947 2308
8973 5916
645 7676
3462 6893
651 4823
234 5730
4856 4673
7509 9883
1582 4868
8047 5124
196 8835
8353 4144
5189 9071
9430 7963
2065 8302
5228 7764
4213 1848
3494 2447
7556 3316
3692 7304
6879 8093
9080 2467
2794 9363
5394 5255
85 5975
8237 6294
8890 3611
1191 996
349 4014
5562 5042
5697 1035
1690 7213
4034 5270
7773 3652
5518 3359
4812 7739
3736 7975
4113 5255
9709 5038
941 3849
6665 7356
6580 2857
637 2242
7623 1196
80 1196
8145 5170
455 5700
5701 1129
1159 3982
2710 3196
3383 7377
7809 2652
2318 3277
1587 5290
510 4076
80 8669
8290 3572
487 4123
3285 9221
2335 1669
9975 8232
8053 2662
3755 5159
1707 7852
2007 8241
1715 9816
4619 8166
9977 5158
1880 34
9570 1671
1226 5432
486 275
9994 2304
2328 4652
5339 8309
5797 7681
9840 1961
5162 1655
1437 7964
3037 5239
461 27
5346 1268
4564 6878
1823 4902
4730 6518
3386 2513
9807 155
784 820
2954 8743
5784 6562
9309 2977
9799 1552
3403 9772
8298 8793
4313 5042
4974 7531
6297 6845
7600 9559
6597 5414
2495 9036
4029 3743
5276 9208
5154 5141
7618 3135
2940 2350
7858 4156
3736 4390
9074 741
7541 4328
8624 9708
9521 1432
9766 7078
8952 7612
459 5197
5211 4501
2227 7956
1731 3271
2598 5470
2517 2858
6992 1780
8438 9378
5462 7755
1364 4206
8324 7323
5916 4528
6268 2287
7118 7483
9565 4918
5190 5395
9434 75
2328 6664
1871 4484
311 3364
8490 102
6850 3080
1137 3645
9338 3335
8398 517
5478 7858
434 2625
1653 2875
4350 7050
7472 1202
3841 5007
1204 2203
5573 1702
7806 7515
9836 1380
7567 6766
6903 398
5839 799
31 7913
3015 4530
1771 3352
4627 8411
3225 5787
413 6
5538 9719
2406 2209
4411 489
5557 6500
8471 116
3804 3801
7064 7591
5624 6156
3741 2660
8149 8010
1813 2996
8414 5689
1101 340
5740 4752
3292 9398
2718 1362
8189 5779
2992 8017
541 6541
4942 4002
8279 1664
7481 6452
6115 8126
9682 8117
9949 2804
7034 8233
5837 5957
6756 391
8228 8596
8755 9826
906 8153
6608 4821
8710 1818
8537 729
2972 4556
7837 3810
3812 1940
6988 422
1201 8769
4073 5552
2777 20
8262 305
8911 1722
229 3072
296 9844
5405 4924
715 3044
6879 2605
6475 9626
7686 9409
3278 8593
5077 3728
7289 2500
8156 7649
719 2944
905 3737
4150 9686
7179 9074
4744 2488
8675 2753
9850 6049
4695 8071
9063 851
2293 2475
5886 2809
8388 6659
8342 688
8097 6381
6812 26
1095 8329
4585 1744
4361 2921
9663 3151
8503 3247
9598 4429
5521 9952
8077 5787
4072 19
4892 4038
3043 2867
2250 4354
8678 6191
2806 2817
3520 9838
296 5774
5300 5046
369 4216
465 7593
6680 6036
3839 9074
8257 2761
3180 4142
5401 4534
8353 6114
9055 9474
2656 583
41 5789
1009 1253
4170 5150
8395 1349
5139 4659
5590 3725
4833 8960
1007 9241
7111 66
9106 133
4754 9272
6306 7696
1939 9499
6432 8770
2447 3943
8674 4254
8699 3076
2343 2859
8174 5102
8405 3488
4138 3906
8431 7318
133 784
1276 4111
3551 6005
6768 5872
4687 8150
5573 677
6621 4751
9317 3721
6400 5682
9828 592
3213 7798
7635 9842
6956 4411
7462 8575
525 1805
5642 7634
8146 1758
6041 2214
9327 442
542 1110
7822 5994
1664 6744
3266 2147
7651 5229
4974 9874
3911 3901
9000 7116
7294 8210
2447 8428
7715 4420
1944 8839
195 5445
1314 3126
2592 4527
4040 4889
1564 4073
7771 8846
7253 5590
480 3214
1092 2380
2398 6601
747 9847
5393 7079
9064 5027
7357 6494
563 5186
2271 7262
1708 3721
431 1363
2018 6152
1301 3253
7549 3172
5424 8719
410 7592
7810 844
5160 5070
4828 7827
2500 1345
2994 3401
3659 133
8259 9386
4941 872
1289 5650
4073 2263
7365 2113
7458 5039
6340 2323
7858 4734
473 7626
8556 349
4840 7133
5149 8181
827 306
5598 5907
5523 8018
2277 4311
7588 4475
9449 4095
9561 1770
2432 9731
1985 201
4434 5118
8748 704
6461 7298
8761 7553
1428 3581
628 6163
825 7173
2547 9971
3591 5568
7770 3608
1574 9437
3247 5622
1873 3543
1210 6495
8015 3580
9591 1454
17 4593
121 3139
5784 5799
1206 593
1603 1130
606 8358
79 4128
2108 8651
1861 5625
5242 3318
9647 5003
6667 2983
2877 7140
2317 1130
3862 4187
5646 5091
5205 4616
5692 7252
8254 1119
8269 3801
3248 8312
1912 2807
9399 9768
1411 940
7793 717
7589 867
7474 4051
5794 3465
425 660
5424 6990
1826 5370
6145 1806
6581 8854
4576 3358
3474 2402
7655 1398
6562 2182
2329 8750
787 7170
4836 3819
1780 7396
292 2489
6434 1413
3419 5484
7234 3394
1628 1257
1642 1101
8341 4969
2294 9944
7942 177
9988 3604
2644 3307
9955 5197
1471 7518
5528 6505
8113 6588
7491 3918
9974 8884
6972 6452
6036 9946
7716 4569
4874 7947
3713 4883
9695 1913
7911 5870
1995 2664
5056 2434
9547 7848
8269 1724
9039 1564
8620 6426
1324 7667
6316 5921
4437 1245
110 7056
1538 7769
1485 5
9925 8214
3160 6748
4833 2797
893 3268
3767 1913
4605 2247
9722 502
3471 3103
6892 4404
5784 8640
1163 9502
542 4503
4894 9451
863 1409
4305 3266
5244 452
2810 675
9086 4264
2535 3958
5303 3821
1259 9232
3306 1722
6528 654
1833 3945
5104 602
2851 122
6241 8383
1044 6920
3035 2413
7264 8509
4876 2484
8530 8062
8665 2525
5847 577
325 7475
2719 4336
964 3956
9632 7637
8776 4854
6702 931
4086 9243
96 348
2459 8482
5785 2494
2338 209
1718 9048
147 3503
1028 6453
7405 1943
4204 8270
2517 4345
8079 6665
9955 4407
7843 3832
1342 5347
6969 8705
17 9801
4526 9570
6896 5688
533 3191
5735 9507
8380 9487
1221 3025
1384 5106
291 2228
5204 8282
4500 1609
5639 5724
4263 3701
6602 1509
7952 9803
7632 9953
7879 8182
2452 9691
8898 9870
4464 4116
5917 3972
7367 1730
7674 3304
4218 763
7715 6717
4173 1941
7663 6312
7950 4856
5769 7768
4795 6977
4726 2572
9055 7116
5565 4051
2310 6345
2163 283
7420 4384
3795 2544
7335 7079
7392 732
9200 9935
6257 8894
2956 5914
8474 6567
1495 1852
4268 705
8901 2327
2432 5611
9016 2802
1905 8789
5763 2557
5042 3302
373 9185
6444 8699
5661 6158
6654 419
2826 2460
4480 98
7767 4387
5504 6440
8664 6285
7553 1469
882 3013
8430 4169
2441 4841
7788 5792
3654 6921
6659 7628
2985 7290
1908 1553
8953 2015
7909 8184
4315 7085
6809 73
313 9935
2684 1980
3461 5924
9266 6245
3937 4931
9593 1106
1964 2573
7740 3593
827 1797
9882 5948
9611 1934
1932 4719
8003 9364
5830 3378
738 920
939 3081
5112 4930
7285 3172
415 4603
183 9005
9684 1679
9425 5781
4666 5056
3585 2343
6034 9313
7068 1314
7178 6520
6255 6107
3642 4895
2939 9688
1024 4394
6915 2022
8265 6560
9749 4460
4765 8390
5137 4017
3903 6430
3715 1107
3682 5490
9935 1293
8592 1910
7118 622
325 5912
2798 2360
9789 1822
3488 9757
9790 448
5411 1890
1348 1093
6771 6914
9238 8338
2182 2678
4441 2659
102 3867
1835 7448
2545 7897
8281 9114
7856 2004
3790 7482
9542 8968
3138 304
6342 2323
5629 9799
8853 3075
7003 7817
2205 1619
1612 2348
9374 1525
8109 4601
6722 6876
7547 1439
821 4342
2063 4900
8515 3861
5399 10
515 1396
731 2651
4260 5196
785 3209
2381 3682
6316 3359
3400 5232
5464 6924
9700 4013
6312 3063
3998 5145
7970 4371
4363 3713
5321 5059
7282 9951
9044 4789
3982 6572
4237 3054
3717 1054
63 2196
1816 8178
233 4933
1603 6387
5604 5034
2698 8060
3871 9711
6112 712
1834 3500
4931 2694
7284 298
3722 78
4227 2397
1939 4267
3856 7742
6453 712
6538 5451
3054 3715
7162 4270
7866 3450
263 6687
6664 9345
7844 3007
1434 4395
9279 6151
1098 5008
4413 1140
9560 3766
7811 9999
8530 5631
2617 6585
2013 2342
6517 1302
4438 2503
5727 4059
4006 2644
9231 9403
9487 786
9066 8749
804 9912
3009 9868
7278 3993
1750 3877
7946 6567
1791 333
6400 7788
5129 5857
4238 5525
7455 7653
3241 9419
7714 1380
4404 9261
9109 3624
9132 9513
5526 3066
6351 8345
2123 4626
6112 9039
1462 1343
9581 7337
6428 9880
5233 3147
6731 1089
852 2018
6548 4736
1948 6247
5466 8875
1002 8219
8291 8067
1602 8953
7773 144
4195 3296
1648 2308
5547 8609
1497 3309
957 4396
7781 6011
767 73
3915 6821
7610 2073
2005 9664
4627 9089
3198 350
8363 1482
9578 5565
8651 3206
2299 9414
5482 7934
3606 3731
3477 6806
9697 7649
1867 8299
5498 5330
3690 4998
476 1010
4919 7836
502 8895
7578 2347
8364 3591
7184 5948
6211 8070
3274 6509
9517 1832
1536 689
9770 4318
7668 3081
6082 7666
3892 7390
2576 7028
9498 7333
4006 5122
8808 8984
9484 5116
2883 325
9050 6795
7226 357
5032 2687
9405 9869
4903 5760
9666 686
8718 7647
9989 4108
9001 6106
8550 3634
9454 2628
1211 2349
625 6901
8304 5951
8998 4292
9496 3659
63 762
7436 6628
2911 9922
7632 1548
1853 8635
6545 7831
4780 5462
2379 8460
7493 3961
5760 859
7258 8782
1880 7597
5138 1423
2200 8837
7356 8266
2567 5240
8570 7354
3344 6937
2189 7378
753 1234
5994 2214
2650 7699
9710 7777
9403 931
3203 2250
9948 6214
5721 5255
940 1551
7750 1408
8007 8523
265 7294
8000 4176
6749 4571
269 3308
929 9
6843 4209
4396 3618
769 2579
7194 9464
2289 6938
3642 4857
6617 599
8500 1497
3511 596
7833 4716
9243 4825
3895 5066
1183 1947
4596 6519
1995 5597
6909 1533
184 1999
3873 2271
5853 6386
6685 8326
5651 1854
1821 7309
4056 3140
8359 1288
6317 459
3325 2297
4630 7618
5252 8996
8816 5016
2818 5848
6009 6503
4497 4201
7085 6637
4414 3996
9321 6921
638 5638
9189 8419
1883 4745
4990 9738
8400 4905
9312 8258
2324 333
7954 2593
982 8814
93 3376
1078 3672
8644 1091
9262 4436
6219 2401
9899 8069
668 7991
4313 9777
5519 924
9463 5424
8877 7916
1209 4326
4205 1572
9332 442
4286 6452
2534 9867
3122 1692
3218 6805
4593 8897
8052 1250
6591 4418
3104 670
1323 6699
9080 3892
8228 236
4811 3004
4575 6600
4163 4957
8479 7200
38 3617
7076 2493
2028 7987
6594 4937
2867 4902
5145 2379
8100 9613
84 5335
2011 5955
9129 78
4187 5843
9059 5385
