1024
1000 1000
656 597
754 397
435 764
745 302
143 464
949 774
158 640
745 212
639 162
557 549
801 124
758 176
481 176
284 499
144 265
661 39
362 250
726 70
965 733
560 79
41 391
447 817
805 238
937 792
793 280
118 794
524 175
793 536
724 77
486 923
365 580
716 536
683 404
988 873
994 789
627 42
496 911
948 952
41 600
218 760
239 797
925 652
572 220
546 100
608 814
476 0
577 293
562 774
655 574
210 710
39 76
96 431
570 968
925 920
833 566
161 341
424 158
812 832
644 614
185 438
811 477
613 758
835 304
601 773
653 761
147 194
579 268
896 694
876 76
722 848
348 116
485 354
908 162
201 612
603 154
72 364
450 448
475 567
265 680
896 275
317 751
770 112
579 127
291 475
832 931
203 675
908 696
350 781
499 66
478 243
235 388
799 561
362 306
655 176
136 706
632 951
861 455
319 243
697 571
505 241
699 765
938 743
892 894
465 967
597 737
893 369
546 230
358 427
899 647
860 876
110 313
193 746
116 265
258 315
772 167
511 706
118 869
856 18
777 369
278 853
899 95
7 906
324 355
456 195
241 445
90 935
905 344
117 722
275 810
402 284
596 421
733 414
813 231
73 342
923 710
848 307
232 650
818 675
164 704
971 302
695 612
741 805
823 191
650 228
97 408
795 185
299 231
268 996
567 435
626 218
568 361
888 520
999 204
741 736
890 865
320 245
748 380
254 804
307 235
38 413
674 423
692 973
776 658
596 64
839 368
438 984
415 319
902 650
106 557
770 147
480 367
805 755
801 19
298 987
903 461
585 537
972 406
205 119
549 871
318 614
722 447
697 38
742 639
293 474
83 326
586 51
313 366
274 519
340 720
732 201
108 744
640 64
373 595
407 865
457 155
9 509
446 589
867 879
189 653
767 990
811 169
676 65
189 847
163 755
963 596
699 4
877 605
650 678
724 710
285 802
235 200
263 39
308 640
952 22
339 246
921 797
161 670
282 943
386 912
418 353
427 17
444 612
778 778
689 196
808 501
902 555
717 268
53 909
646 298
197 486
930 749
614 882
62 960
878 221
972 301
344 517
672 474
363 469
158 564
994 864
431 613
525 152
76 488
722 906
500 10
365 33
667 267
5 819
956 320
65 72
685 767
17 296
500 456
843 965
960 5
770 91
160 96
677 658
953 0
909 76
625 722
927 227
577 946
694 499
717 619
222 9
351 700
398 884
487 472
584 194
668 705
589 709
891 670
221 643
941 169
847 648
495 232
77 638
107 455
966 461
537 319
846 175
784 996
870 307
816 168
671 71
341 515
32 49
644 182
619 246
157 483
151 391
342 425
98 187
810 354
861 332
568 235
167 987
571 320
887 25
832 939
128 327
809 373
581 668
678 353
643 446
686 966
500 205
214 336
305 662
531 824
155 438
112 254
706 537
206 262
469 53
880 447
250 834
529 999
813 343
72 887
358 472
243 866
293 484
756 797
137 515
166 165
1 447
144 829
488 885
151 159
956 30
341 89
750 595
363 58
587 337
584 164
259 486
948 507
18 888
251 869
299 798
80 470
920 769
276 850
732 901
933 989
437 541
876 289
148 494
229 36
536 113
250 735
329 417
672 382
793 208
269 986
920 639
208 454
796 339
90 199
107 220
280 640
82 425
882 263
605 433
294 546
261 256
887 99
794 533
246 777
314 984
893 786
168 609
273 775
382 540
917 780
557 643
653 660
800 853
389 84
852 998
324 914
452 637
616 831
355 663
89 7
679 670
427 968
885 492
248 477
551 136
897 885
94 333
56 498
777 524
756 474
559 817
506 45
753 401
325 580
975 66
912 746
318 465
364 728
493 708
622 845
56 495
426 438
107 225
859 987
90 456
954 962
377 396
278 398
99 619
696 848
969 599
835 644
69 385
518 69
853 13
34 377
370 876
682 202
512 6
966 633
73 786
876 539
271 962
98 828
387 123
717 141
341 252
919 219
598 16
37 198
325 976
38 525
642 468
307 505
402 258
502 850
828 494
616 179
629 468
314 333
723 642
842 687
351 368
92 425
67 958
700 223
676 271
343 391
11 518
631 730
505 633
241 985
863 185
83 748
352 472
326 84
275 166
467 183
594 785
285 822
608 492
539 699
337 446
662 698
471 163
686 879
399 687
729 309
394 122
550 726
753 491
149 529
773 261
14 871
245 794
809 32
690 555
583 120
8 359
715 504
110 199
200 848
941 588
682 195
160 795
455 376
922 858
589 238
319 565
746 0
888 741
781 298
103 66
903 878
423 411
984 74
789 568
488 323
45 82
627 896
145 222
776 962
12 233
519 231
22 814
773 589
837 353
901 733
755 281
524 103
786 147
368 952
513 905
210 960
640 403
615 561
520 207
666 281
715 267
911 347
961 717
384 865
884 891
180 751
834 364
167 73
693 447
456 447
179 352
338 333
821 553
589 710
77 183
134 868
11 208
101 262
75 674
360 12
960 866
405 827
592 834
79 144
158 282
551 709
625 68
267 364
993 590
812 743
369 791
967 402
912 680
203 857
744 707
186 110
608 853
642 266
861 852
391 596
549 952
162 362
346 195
253 452
41 675
127 720
129 475
100 39
326 878
318 224
285 457
69 553
345 121
140 676
271 92
660 450
686 941
512 688
494 422
451 571
868 628
302 997
583 514
471 785
596 518
930 434
390 840
191 641
436 123
750 814
476 489
652 179
921 179
922 545
942 386
246 22
947 804
127 479
236 814
11 85
263 64
685 191
446 701
221 714
636 621
345 79
392 515
829 343
183 928
956 966
868 903
871 967
509 504
726 785
99 623
247 169
79 234
809 2
785 909
994 26
463 87
577 144
492 693
836 116
933 454
90 204
824 99
854 989
342 292
952 101
125 317
345 134
433 323
543 785
245 691
740 975
793 696
128 420
480 340
818 5
982 266
207 920
644 945
820 815
15 278
674 800
941 234
538 941
36 143
375 975
272 578
259 175
74 920
891 503
302 705
968 439
339 803
497 503
122 433
399 701
632 630
640 670
740 698
409 375
965 790
600 161
659 195
444 662
561 221
652 625
656 553
219 433
707 929
617 385
937 96
186 324
855 107
568 825
823 551
293 265
799 782
165 394
822 759
522 360
85 667
250 205
764 474
41 445
649 364
666 860
979 143
731 109
879 906
34 761
576 293
810 19
349 747
292 885
161 139
206 743
466 524
13 747
712 657
135 494
843 345
985 346
439 262
786 521
861 111
375 155
592 113
336 348
321 563
363 499
231 543
373 696
256 565
655 233
122 29
887 911
458 570
548 813
630 73
295 954
449 5
283 301
829 757
329 174
79 279
381 503
184 500
161 918
304 204
117 578
945 932
701 99
687 914
951 355
312 232
622 126
20 149
299 196
80 619
137 765
756 485
970 746
572 295
235 754
414 31
51 963
468 283
954 643
44 958
164 676
366 267
616 622
81 584
109 883
792 950
550 101
198 572
704 252
729 988
194 63
765 575
71 224
217 129
105 430
167 737
346 45
741 223
138 774
196 591
877 751
770 942
524 716
957 761
917 682
679 50
205 72
54 403
2 423
911 848
594 745
220 280
540 734
164 372
543 532
105 51
960 648
773 520
131 828
446 471
767 371
168 333
791 896
47 757
663 813
453 480
209 96
170 785
841 28
801 130
840 16
408 407
637 650
775 301
968 519
772 365
710 125
418 988
871 646
850 381
726 254
683 191
448 851
175 389
244 107
329 8
329 184
570 639
250 534
884 988
127 403
292 665
112 336
540 914
599 397
670 577
986 14
772 507
518 725
86 81
113 784
690 639
990 280
894 655
140 218
97 818
221 220
940 802
142 629
483 495
715 419
834 856
105 774
893 363
726 378
402 623
138 869
216 17
319 717
51 278
87 528
325 70
414 420
816 723
723 591
291 943
363 145
421 798
364 857
865 231
849 206
669 884
250 354
985 398
840 58
639 478
986 255
464 741
961 410
323 912
931 22
295 830
493 541
8 917
880 550
862 443
691 954
842 66
72 297
661 636
211 186
613 825
231 959
48 252
138 691
302 275
170 983
217 44
264 800
296 28
574 925
412 843
201 377
766 603
133 618
517 908
675 624
28 159
358 805
936 429
775 131
895 129
317 539
400 740
310 443
643 783
686 728
151 572
581 913
260 444
224 456
649 808
753 528
797 673
473 807
754 33
496 846
352 218
871 234
947 72
771 175
66 740
251 571
527 810
287 796
361 574
401 224
321 449
655 1
521 460
396 730
742 881
574 647
586 381
963 883
842 737
248 60
527 508
876 93
62 9
138 417
679 855
514 679
808 468
181 928
851 77
499 694
87 623
208 586
721 338
431 231
702 901
910 449
28 756
128 281
638 969
63 78
572 845
336 915
933 860
797 932
397 616
996 259
782 763
622 147
15 556
210 921
579 47
129 577
196 43
626 322
831 104
103 806
162 535
444 959
589 350
330 737
695 642
432 225
137 7
758 156
925 878
116 556
635 352
815 254
698 693
287 693
406 191
640 428
676 819
459 21
343 193
418 590
199 717
722 916
990 511
728 389
782 231
445 913
406 694
735 106
206 89
614 888
282 12
433 374
716 394
111 518
215 828
826 696
348 86
984 81
168 529
810 472
623 215
581 413
658 110
