2048
10000 10000
5935 7706
7901 9472
7248 6505
6370 6971
9247 716
6282 6495
8136 2775
4941 3717
9662 6690
6113 7215
6289 4635
589 7629
3445 4018
8926 7531
4276 6692
1807 4266
4512 424
6398 5181
2155 1413
1771 6494
4001 3737
3498 8368
5391 8798
5326 8164
1876 8029
3345 6864
624 5358
8878 1542
2194 841
9819 7459
8866 6386
3660 2412
7018 5777
5064 3505
7051 8201
8898 8475
3171 2756
756 4933
8282 9564
7850 9423
3650 4105
7039 267
929 8301
8273 6541
3906 1528
2712 9853
7143 470
6981 4252
1365 389
8804 5215
470 1166
3767 4594
5602 804
9683 4132
7002 6777
5592 7242
1471 1681
3348 6191
4628 1452
5747 865
9584 6712
8683 1585
4495 842
5288 8271
3842 3479
9329 1121
9251 4900
2629 7069
2246 168
4655 7204
6354 4925
3575 1283
4424 8410
9525 9727
9600 9371
7610 2538
2575 6838
1592 6264
2498 5101
9487 1519
5701 1289
9397 6314
1547 1782
8024 4519
5631 2603
9345 1745
905 1950
1954 2
8674 2646
9808 7514
9043 3750
1952 6562
817 3957
6945 8153
4230 3762
4943 5250
6631 7541
3822 4788
2964 8281
5360 3494
7443 6377
6797 9043
7225 2176
3104 4174
9733 7243
1021 2727
5258 5589
9059 8184
1065 6328
2530 505
818 5987
8258 5230
4446 1205
1427 480
9609 8433
3801 8332
9012 7998
8189 2217
1983 4310
1043 5774
8240 2048
8543 8001
8317 9908
7884 2832
7077 8687
2892 3716
4750 3464
4856 2784
9759 951
1858 3882
452 260
6260 659
7110 855
6736 4304
7698 7090
4229 1368
230 2855
9034 3370
7359 1668
5410 7629
3418 4541
5630 2668
733 8327
4388 3474
1362 839
5696 1452
9965 6298
8721 7946
8233 3492
8193 1439
9910 3371
620 8246
1819 1054
1012 4210
4434 9041
5833 1925
1366 3240
9425 479
3988 3902
6670 259
9181 9438
3219 7100
9019 2413
3546 600
5553 2236
4339 7054
24 94
4848 5057
1625 439
2447 2792
7531 1169
3969 8538
1002 5685
8191 3150
5067 4107
2638 8983
5633 8009
1430 9218
7131 2379
4397 8425
3772 4029
3566 7811
3687 2551
1752 3426
3322 2757
8051 773
5597 4746
5701 5652
228 393
474 4713
1488 8900
9153 9159
6253 489
2608 6425
2520 5392
4858 7706
3175 550
6479 6356
9878 4607
9089 8836
3402 7582
5684 9595
9739 2879
9787 3070
9729 1354
8417 3008
6877 3626
8437 6509
3951 9454
4680 4069
4405 7454
5961 1818
4428 1754
7144 7824
111 832
5908 4046
5580 3532
7455 9452
4079 6074
5143 8846
7477 3128
1915 3633
6092 9047
1326 4532
8050 6363
1366 752
7427 7876
3972 8259
9417 5034
5980 5919
3021 7345
5499 6869
6624 9177
2274 341
94 3007
5604 2095
8946 6874
7355 9752
8968 2547
4199 2378
7905 8566
7939 5405
3865 1506
8359 7826
8080 4419
266 2074
1114 5893
6700 8677
1871 8990
2694 2679
6394 3415
2888 561
6838 6579
3092 2793
3619 7547
7951 4948
7361 5558
5479 6308
8118 1148
1429 6391
3412 4838
4454 8353
2929 5117
8569 6129
2546 1812
3956 120
1917 6805
9100 8623
7253 8452
1455 7020
2341 798
6203 3329
3316 1150
6451 1975
2474 7948
3304 7098
6724 8957
1147 7717
9549 5437
2780 4900
4923 3511
9591 7879
1887 7521
2442 9867
2801 1054
2730 8516
9320 1112
2364 5218
4516 6057
4337 6590
1421 3326
3122 8841
6434 4402
362 3919
7597 8892
7766 8450
3108 5134
5956 3955
3047 6011
5720 1687
440 6049
9354 3211
2424 4024
1286 5957
2740 5856
5881 6859
4395 2791
6558 1922
563 5118
3965 449
8399 3862
18 3589
1126 6502
1100 5583
2832 5371
5584 162
2119 221
4812 7997
6566 3452
7708 3504
5876 1040
4793 3777
8958 1748
41 9362
6952 8417
2397 3543
3365 7567
9969 3182
9852 3467
5294 5612
2016 7944
3177 3885
8404 6178
6562 1211
4775 8622
1726 3822
8927 6263
1651 6462
4457 7048
402 2372
9086 6953
3332 470
5290 9368
7230 3955
6959 8684
481 9126
1272 5874
6445 4169
7083 4285
2718 6751
9189 5898
2919 1610
985 1481
22 4134
2405 1995
2908 7464
2663 2400
1789 6785
1402 1029
4557 9198
7932 2850
6416 2102
3174 2168
1596 4327
5196 4165
1068 8716
5942 305
9654 5054
2335 259
252 3411
1942 1776
3271 7796
6793 110
8074 9734
5580 5549
1984 5999
8218 6347
2783 2168
4717 7693
6209 3275
8912 3458
359 3440
775 5953
7978 6823
8639 6173
6534 7105
5272 8611
6088 3934
7765 5792
8782 7777
3637 4355
754 1613
4283 2411
1369 693
4878 7500
2816 8456
2556 4465
8759 1674
716 8822
9986 2071
2 6747
7199 5457
7368 2253
3263 6046
7569 8709
8556 1407
9827 7783
89 6341
3788 2235
2699 6196
5477 1347
7187 4210
5128 2668
3158 4739
7148 3544
3144 8633
904 5067
5529 9245
8669 6251
7373 3253
6557 5362
4904 3504
6336 9872
1541 6616
5940 4203
9630 2302
5319 1937
7621 5746
1927 8198
5281 6333
7382 2624
9077 1506
1323 579
2471 7433
6325 9483
4260 2132
7111 2532
4978 4296
6418 1531
7193 6834
9891 5406
9122 8144
9593 6728
2556 1786
6205 8514
4210 9630
6818 4591
9080 3932
5320 6933
2199 693
4376 6880
904 7296
1307 5867
5341 7740
856 6511
5825 8104
8356 4330
1082 5698
4936 9038
1244 2495
7207 9172
5290 3319
8354 3500
4112 5224
7801 9822
2939 9405
6279 7650
2058 5853
2982 9836
7732 6971
2898 1181
8741 127
3255 56
217 9203
7323 8074
692 5371
7597 7159
5389 7489
2022 7702
3355 145
3652 600
7189 5650
5917 5180
7183 2936
9693 4199
1427 9960
5048 9115
2146 312
2840 9546
3284 1074
2545 4809
9452 5503
3578 1537
3166 2831
4998 8267
6594 8231
2396 8181
2933 3221
3111 6516
257 3061
425 6710
9231 2603
2356 2685
3137 3027
1705 4342
9071 3717
402 5775
4056 1167
1980 1328
5335 6795
916 1329
8300 5466
4876 806
2215 7367
333 6172
2709 4198
6198 4999
5050 7280
1375 4162
3202 3536
7123 2073
8945 5967
4293 2493
8904 9559
7898 4829
1148 5871
7677 2567
2095 1129
5531 7040
1985 3371
1311 7973
1074 3220
7974 4075
3428 8537
9594 8641
371 8843
9601 6474
3424 6552
9638 5314
6412 104
6218 5775
4917 2028
1410 1270
6194 7771
3793 1479
4296 1047
4102 9282
1674 2182
9416 4884
4190 260
6791 3609
9284 2711
6906 9980
7262 5301
3899 9301
9707 6525
4653 2063
1719 442
506 7476
2696 5393
9610 4183
8634 1372
8287 8207
1198 7308
3491 1810
2281 697
771 7388
7016 592
952 1854
6475 599
4123 883
2169 2966
5773 9962
7634 600
6135 3855
9938 4008
2086 1354
1171 2537
1249 5050
499 8117
1722 1243
7897 4904
5108 3189
3565 6304
6452 8989
6710 9139
9033 1406
3636 9319
8117 3692
412 5862
6647 3728
2437 733
6932 3914
9773 3306
9472 3861
784 274
832 3666
4218 9504
997 7543
9253 1379
1761 5469
8312 6077
4880 5323
2316 4398
183 7436
3098 9285
6272 7252
1577 7733
2941 6007
3874 4547
8363 1218
9874 1570
2626 4887
5207 9209
6857 3825
3832 8203
4067 6835
8496 1744
6920 1307
2055 4160
6405 2787
8027 530
954 2432
7182 787
6649 8193
8318 7967
4232 8521
6165 6269
6323 3312
749 9993
6082 6347
7422 2952
6728 4927
6206 2379
1979 4541
2573 1052
4609 1991
616 3956
2729 6694
4141 7833
9277 1787
1939 4364
9188 6313
1306 6137
9273 6433
8802 150
3131 1305
8149 2811
4340 5498
9084 3404
7558 8790
8345 8584
4696 7590
5136 1208
6121 9546
7312 4683
2291 1156
9232 2196
2272 2278
1087 9968
7967 9869
3539 4109
3518 1587
6974 7226
359 5713
2418 118
6771 4331
7393 8319
1754 6469
7972 3695
5583 7031
2690 6563
3854 2605
4768 2321
755 8203
2124 2382
127 6763
357 1669
2424 196
9622 2975
5836 2555
7570 2076
9703 8740
3042 3040
9869 4232
7909 8474
2282 2289
3566 8410
4515 2938
6511 2402
409 3866
5305 1052
3256 2227
7170 9381
9811 1616
8166 3353
1367 8459
4047 7166
7232 8033
7636 1999
2517 1557
2229 2194
2436 3595
8835 1326
6244 9964
307 5892
1031 6800
6843 2300
9745 8543
9097 3699
3542 4820
7914 4174
7202 457
6514 4989
3295 9994
6455 2841
7523 6734
3642 359
6643 6480
983 7579
9720 6462
2100 9571
6795 3049
8521 2150
9085 6064
3092 4727
7951 7179
348 7176
9541 7464
5742 9039
8153 1935
3700 3909
6078 3156
7232 8883
7427 5465
3961 7112
1913 7335
7574 5567
8048 8537
6110 4728
4810 3595
5885 7524
5778 3617
8118 9956
4750 8037
7851 9189
1781 5058
1925 9816
1313 363
335 2037
3505 2081
8406 4237
3059 8273
4558 52
8428 4507
9641 292
342 2399
6891 8314
860 8977
5224 2415
8923 8490
5110 5834
8423 3495
7523 8682
3015 5362
4771 5369
4152 1968
7750 9562
8494 8224
1644 4938
3396 7578
197 9446
129 9255
743 1555
5304 9284
134 378
5801 4673
5105 6109
2554 835
9959 6271
1216 819
4952 328
9251 5792
3442 6158
8431 7680
3348 4022
4123 3344
4225 2302
5102 5839
4554 8940
5590 9728
5691 5723
7525 106
2515 4431
6904 7142
4983 183
6436 3385
3235 8126
2298 4981
8749 7075
8465 159
7480 7497
8460 783
6559 6670
8481 9551
9433 3768
9347 8390
4603 795
2012 8803
6077 1364
9376 7771
6876 5748
3155 4173
558 9850
8300 8061
3430 3163
6074 2907
4757 3683
8864 7203
9903 6174
2471 2050
5534 3571
7470 7779
5910 4049
6886 6808
4528 2934
7134 73
2854 8016
4403 3730
4669 7772
7157 5099
3033 7125
2932 1271
4469 3107
6584 9500
2880 6777
4568 678
3092 5914
4842 3305
6567 7131
6326 7518
6884 4388
5998 8626
1803 7149
9326 2767
2739 9969
5247 419
1339 475
4620 2877
4519 6411
2656 5747
5177 5271
3279 7625
9375 7954
9879 8761
8895 9253
3212 5853
9956 4659
5711 8063
3990 2302
8050 7150
419 1644
9783 5272
1156 6
4073 4372
9201 8128
1440 1246
4803 8245
7055 7988
7874 5645
9814 8738
5241 5823
9844 3005
2189 8774
3196 1106
3661 1627
8868 6409
6551 7132
1025 4401
9042 784
2214 9670
2151 8636
8980 3336
179 7019
313 402
6461 8293
1382 2188
5245 5265
5140 6508
7009 8662
4531 8790
9967 8633
4250 7580
4253 5422
4869 75
3375 5914
5776 7206
7646 9749
9584 6846
1977 8654
2974 9663
6469 9755
2288 3633
309 8209
9727 335
8018 2232
7901 1375
735 7379
4189 2089
6340 553
1602 9815
8353 5105
7572 9934
871 1469
7254 7238
5092 6488
9934 6205
3045 6239
1815 6311
2216 7571
2268 9006
638 6831
6709 7292
9245 4412
1415 4358
676 1657
917 4146
4400 1462
2019 7460
5394 1356
835 5291
5004 7473
7573 5784
8989 9003
6039 1333
8967 5816
5573 4107
2543 8109
7113 3855
2598 556
389 1715
4632 4872
9876 5301
598 1827
8710 4084
9610 1349
1681 6278
1765 1283
7320 2061
6527 7662
6026 9143
7436 5793
1203 2870
9727 6647
5707 4263
8660 4040
2509 1542
7835 4281
7121 5236
8318 8285
1230 8471
9866 5310
6483 1842
3475 5897
1635 5989
652 6419
8103 1196
8180 2259
2357 3977
4908 6632
681 3432
662 8971
6532 7019
1611 2548
6987 6333
4818 8345
5485 3605
8443 7733
5631 2842
1723 2331
6226 8921
6136 9827
5914 19
6748 4653
3932 8963
5204 371
4682 7263
5121 6757
7982 8505
5717 1413
6358 6872
4006 8894
8343 9546
8933 5750
5617 1697
7301 2867
9016 2644
8122 1757
9951 885
7410 3686
579 6659
9093 3410
2825 4844
5364 2548
8005 5985
5312 7994
9694 7057
8010 5489
1036 2985
7876 3297
5902 1442
305 1899
595 2851
9752 7128
588 3869
8428 8542
6397 4669
9672 5580
9489 7678
2360 440
7505 9130
6863 8390
9921 342
1593 1622
6967 6390
9548 5455
648 2976
2397 1741
438 3572
2294 6269
8785 9880
8512 7678
8824 506
7769 3262
7869 5054
9440 2358
5469 3274
1822 916
1077 2923
3118 2449
2782 443
9512 5776
7286 3316
9522 934
9812 6418
5427 8135
7463 6769
7083 6520
6934 1723
604 3650
9450 1905
8574 9017
3664 4475
4690 3543
7579 9262
7796 7749
9294 2184
8431 9690
2019 6455
6581 1710
3977 743
1406 3617
6877 2030
4253 3549
1573 1844
4806 102
5833 420
8110 9925
1429 1187
4525 4583
3075 182
67 3083
3514 6458
1311 5701
3485 536
5598 4514
61 118
380 2102
578 931
146 9587
9066 6720
4320 8439
8619 679
5401 7028
4224 5786
9666 5558
353 8460
4995 4892
7340 3708
3097 4018
1835 830
6169 8115
1439 7336
2827 1688
8967 9691
1115 2161
5330 1023
661 7988
4988 1046
5526 3981
5468 5316
5442 6388
3028 9099
6643 8207
9623 4710
8742 855
5610 4507
9078 4278
4175 534
3366 7404
380 9822
8273 246
926 5586
5761 1530
9264 1915
3053 9906
9698 8088
2703 9680
2998 6025
4951 3351
2251 9474
6158 4650
938 8709
1986 5826
6220 5327
3108 1855
214 1466
7940 2412
478 1587
4426 5884
5788 2587
6408 2528
2050 7025
5242 545
5034 7013
2546 7416
234 4862
9393 1366
7801 2307
63 9482
1637 9095
4406 7576
6487 506
3626 8484
3709 8947
6023 1588
7906 6591
6015 1183
7115 6937
9366 7512
6396 6881
2502 4466
9638 5176
6779 591
8900 6548
7327 3802
993 5783
7453 6976
6639 6827
4670 4821
6933 4180
8310 521
5243 4896
2142 3732
7869 8883
4940 8848
4032 7730
6255 2967
2690 3315
8331 3815
6521 5636
6318 4274
4228 4989
1426 8042
1374 7325
3774 8127
4218 1120
2418 8647
9029 759
586 5375
4350 6193
4199 5505
7204 6883
693 9050
3308 2390
8714 8622
1103 8984
5391 7040
8843 8401
1516 3827
7202 6821
7840 5802
3308 2571
5399 2148
7226 478
4066 6164
3626 26
371 9972
4526 3511
7020 192
3742 5373
6847 5661
885 6269
5741 4970
3759 9256
5983 1938
1658 3910
7551 6078
5059 9882
5863 6297
7932 6010
2093 6181
5187 7492
8236 6966
7602 3604
1805 3363
2376 763
620 1713
980 3835
3419 9503
9544 7369
4482 9347
5015 8242
6577 5194
9038 2433
5541 5214
2988 7905
7447 5586
1142 5799
5032 2053
7719 9131
9975 5011
8519 3513
4865 5839
3273 5736
7111 7619
6335 7350
1133 994
2625 9711
7978 1305
7844 9354
8917 9064
5660 7191
4826 569
8260 3490
1437 6433
6889 9504
1438 6211
2845 2172
2355 370
498 4419
6788 1623
1216 1596
8738 6628
8393 2559
8319 2172
5549 7993
6742 5794
9895 4667
7190 9205
4406 9742
8743 6171
4645 6695
9942 1301
8774 9578
8897 6063
4839 667
9118 1342
6748 5753
2447 8519
6432 4818
3560 2652
567 8068
1338 9471
6296 6173
8938 308
7726 6155
553 4173
1008 5606
1733 7157
7828 8248
1064 6886
5554 9038
5048 8323
7388 4871
9906 3178
7838 7820
2941 5527
183 40
1880 9112
8712 6583
5541 1079
8336 6917
5550 6320
6278 794
2782 1663
6203 1423
9095 3322
4609 9775
5284 7748
9927 6869
4166 3253
9822 2608
140 4086
3093 9322
9576 3860
9766 894
6506 7020
6271 660
3035 195
1918 6775
3304 7582
9394 9559
4738 4953
2386 6441
694 6760
2388 7365
6642 6703
225 5716
8724 5601
8051 1321
6749 7925
7518 2682
9155 4986
1845 6760
528 8249
9316 7899
9256 8920
3037 3301
4215 8442
6267 7612
5447 3120
9543 2931
5437 4030
4226 8287
7833 4752
8455 6073
580 4946
2749 4177
4129 6092
465 5756
6104 2733
7387 2566
7175 5551
9971 1881
8960 5632
7908 1086
1460 4685
4728 2468
7202 8167
4413 1367
4535 8529
515 8801
8017 6898
1612 5989
4637 8740
9166 4301
3259 1878
9161 4171
8125 8246
5440 8003
782 9990
1359 4981
482 5918
3301 1460
819 2114
3375 8804
1608 6689
9639 8155
2346 7437
6397 2205
3203 7816
8427 1950
6216 1850
3984 8790
8264 2078
9924 7597
9621 6691
4280 8317
9761 3254
8907 5281
8005 3911
9202 2230
806 2727
9670 4840
7099 1467
1702 1441
6037 7697
3553 3076
3238 5207
6931 4865
9643 9753
5289 932
2295 1006
37 3020
6353 2732
4000 9672
8463 9276
5971 8628
8917 8672
7271 3636
8405 8270
1172 3263
5860 8755
6363 8987
8957 3176
3121 9380
1236 8687
6968 2214
3338 751
9317 5945
1291 3156
4619 3474
7701 8016
2910 3819
9658 9785
3010 6942
6961 1688
4040 5998
9961 6845
594 4680
3735 8704
6365 2825
22 5793
4477 904
5771 3448
8698 6322
7725 2384
4381 6300
5358 9009
4013 7470
6055 5062
4226 443
4471 9071
2775 6868
7610 5866
2788 3887
1646 4297
9429 7680
8061 6941
5768 7578
2679 4368
1163 6872
9129 7323
601 788
3490 1653
8672 8691
9347 7829
426 5879
588 52
792 871
2243 6581
9329 3436
1666 5128
302 3252
8963 8477
8458 1623
5571 8946
8850 5071
6667 3172
3884 1967
4524 7607
3042 8823
1620 9608
5527 7369
7884 8913
1203 7644
8684 5599
2353 2791
3790 7453
1962 3230
511 1333
6272 4199
8702 8279
9554 7611
4 5739
903 1128
7225 7990
1464 4890
6875 6639
7694 5733
6142 9205
1822 5329
5193 46
2502 9037
7961 3682
7990 131
6688 2682
1397 5700
3057 7027
823 3261
7317 8136
842 3035
1606 7515
1163 3202
5897 7104
8370 4128
1360 9056
6192 2386
4 301
4976 4942
2375 93
9570 9670
4090 522
6756 690
1918 2845
5736 8357
3521 8469
3919 7489
3852 8310
6571 848
9198 7364
905 796
5272 9878
568 6311
6071 4712
7503 817
7950 7290
1438 2984
6391 2958
7732 2973
2486 4539
9699 5423
5546 7290
8408 6967
8396 6501
2109 8683
2178 8607
4115 3700
7228 9152
5649 6971
4344 2360
240 5417
7584 6869
2327 6507
7614 7736
2115 6332
3736 721
3243 9323
2400 4472
7269 4108
1643 6950
2123 5589
2069 5467
5167 101
3681 1967
6571 9523
5922 1087
2435 964
2459 717
6570 0
2440 8192
585 563
1568 1860
5955 6789
5829 6577
4874 8430
8219 9280
3818 4175
1119 4296
2351 422
6343 483
6505 154
3027 6566
5146 6669
7353 555
8194 1094
60 9928
6685 7951
3457 8654
8853 3872
2649 9694
5190 7806
609 9924
9234 9392
4487 8247
8432 8242
9365 4790
6511 2689
8304 6458
9919 650
5825 4257
5435 7432
767 3393
6763 6519
8986 5285
9012 9096
1952 1058
9572 5869
137 3763
2284 6435
7362 339
1591 9731
7974 2723
3858 4342
2333 3188
4150 7765
5501 1437
4774 1919
3570 2962
4857 8914
4942 6007
5609 4281
1404 4043
4403 5283
7957 8991
2838 285
4048 5621
5346 9724
871 8516
7412 8164
9936 5196
6716 2954
2764 2514
8387 5368
813 2681
9070 7415
8254 6097
4970 5194
255 3498
4643 115
1636 8652
8127 1849
5402 9370
4187 9679
555 930
5987 8180
1153 1621
2348 453
6403 8344
8124 9393
4370 6529
1748 7223
227 9540
2009 3947
1364 840
3672 2124
1011 3821
4024 4395
9836 3275
4738 9395
7420 3543
5397 3247
8876 6831
7549 6699
3400 3986
1164 2114
5096 80
9733 4905
2648 9683
2663 505
4084 3540
8495 7683
7651 8697
1342 3917
1364 5127
9897 4020
6403 8384
7824 8769
9288 1556
2660 2504
8650 7654
5546 8515
6002 9881
3543 1015
2235 8679
419 714
7830 8533
479 9143
8176 1482
3740 5460
1903 7170
1657 5583
2398 1586
9540 9646
4423 8546
3822 7887
8961 6347
8723 7886
2129 3964
5540 5978
9102 7143
5099 5785
539 3842
3849 6494
8177 232
6733 7284
8518 2615
1689 5613
5420 2739
6815 3630
1123 598
7278 3970
1959 5596
3894 4138
6245 2639
5447 5569
7292 863
1398 2474
49 4126
6656 652
7491 5103
7911 4557
8885 2860
7975 8904
1742 925
7667 6494
4173 7066
1574 1051
5191 1281
8551 2533
5572 1261
6617 9698
4636 1758
9932 5266
7601 3930
5445 7672
9615 9959
8025 4842
1714 5186
222 7663
2074 9820
2364 5270
3907 5342
8563 3657
4858 3909
4829 6223
5607 6607
9090 6053
1989 3419
9022 382
6249 1934
11 4050
544 4
1308 4450
3371 5210
872 2679
3668 9964
2573 9057
131 8433
6434 8536
8803 483
6901 3228
4782 1541
7559 9697
6098 4646
3351 5280
3025 2084
7978 7066
7962 4152
8809 6595
6194 2525
6833 4705
3789 7048
2844 7854
160 8793
7206 202
9779 3746
6867 5493
3214 7567
3568 5508
8211 7345
7612 8908
7906 9201
5016 2737
8965 5255
2498 6864
5761 5960
1223 6512
6062 2036
2516 3894
6 6538
7150 2110
5688 7668
9807 3242
7429 3469
7503 2610
7103 1011
5200 1404
7803 1837
3360 6872
1268 3749
3407 124
325 313
9709 2421
422 4378
5324 4665
3337 8988
3469 7893
8899 2681
9720 2119
5281 2510
5964 2985
9091 4189
5010 907
3546 8275
6390 4853
3189 4783
5472 8250
2780 2868
1333 6156
402 7585
9294 2455
6972 3495
4971 1397
7191 3382
7269 2130
7609 415
3655 7137
5944 7748
3675 6933
7419 2761
9757 7958
6369 671
8922 9987
6146 4790
832 4331
6171 7703
6742 4189
334 1804
4470 6239
6484 7272
6698 5484
6359 1048
870 8971
1102 4874
3824 7398
5645 7429
7216 7524
9608 9614
7425 2971
5469 6621
8477 8195
9521 8564
7106 2345
1075 2645
5497 5003
5743 3310
8444 2892
8029 5190
7090 5782
119 9095
4526 7074
4748 1067
4108 9868
4500 4418
7120 7716
7189 6926
7884 5410
5366 9762
7294 7963
6268 9380
1785 1506
8821 6914
8513 2922
9961 9436
9497 2409
5367 919
9442 2273
1783 7669
9465 1752
9405 6086
6585 2035
6385 340
1795 8904
3800 6555
4988 303
393 5461
9284 8704
5684 943
3576 8754
2810 8156
1762 7054
2160 4581
6471 425
2061 6482
7134 4888
1465 1415
3216 1633
5648 9649
4720 878
588 1206
3628 5398
6548 5756
2968 8831
6396 7214
1564 2953
2168 1523
496 6545
3077 4246
1033 5137
2467 2025
2818 9658
4962 954
9827 2133
7330 3939
4764 4734
44 8796
9701 1004
2408 6168
417 32
6092 4965
7168 5875
6538 1830
2781 8151
1175 4910
6665 1541
7963 7321
8833 5841
5298 1864
2484 9989
7560 8605
7747 3179
4621 9810
9672 2751
5437 4166
9397 2481
8689 8021
2857 578
5306 1981
2766 9850
2248 8128
4573 1576
6292 9820
5379 6507
804 2120
4890 1258
5930 9666
7378 2018
2420 5732
6468 8999
614 2425
7281 7626
7526 108
9945 4968
4275 7039
195 699
4502 8145
6743 6782
8619 7433
7988 9355
710 9529
2172 5320
2765 8967
208 4646
5570 431
8217 1474
8922 7742
9532 9875
4539 3292
8630 8010
9148 8758
2316 8467
3896 1682
6661 1588
7255 7298
4650 6266
3992 2881
6699 4433
1309 3277
6929 7584
286 8467
7366 1810
2920 344
8631 7833
5148 741
4344 5563
4632 6287
1921 7984
8998 8738
1962 8117
7047 4705
8198 8997
4304 4563
8634 3417
7656 188
6238 9156
9243 5614
9503 676
1137 7471
8803 2251
3025 467
7080 7779
2026 3311
8670 3860
3129 3772
1964 2932
8900 1334
68 30
3759 7070
6967 6709
9411 2532
1789 671
2747 5751
9528 2541
682 3799
989 85
6458 7161
8530 9114
2046 8799
7911 8680
4717 1484
8990 8566
7700 2848
9440 9139
1975 7131
7284 9207
273 2741
3594 9859
7444 8169
311 2485
1081 6236
4978 2263
6257 7647
7332 3302
7257 7325
1279 8250
3330 8628
7649 1271
2853 7416
1965 695
6511 5150
5801 1577
7872 1100
9245 6140
5536 2054
2407 8286
8097 7288
6473 5600
2547 9136
175 9370
3038 4956
9493 5399
1867 5293
3667 1659
7238 5369
1427 5129
1312 3197
7586 2162
9305 3579
6273 7553
9179 417
6136 4088
809 3747
5307 7527
4954 6434
8497 9610
4169 2311
