8192
1000 1000
734 175
828 709
630 508
204 605
601 248
581 429
982 217
435 33
975 18
452 483
102 133
440 351
74 906
269 9
900 752
717 355
850 345
298 289
255 358
492 232
901 152
696 100
928 229
56 969
368 822
708 976
524 292
368 181
169 285
0 166
67 985
680 946
673 780
368 355
14 212
729 587
558 59
332 288
298 722
159 30
730 195
353 411
375 300
736 500
652 363
547 809
897 835
423 970
618 20
58 94
262 230
80 457
208 665
490 181
889 31
357 742
37 523
531 504
658 591
683 785
389 550
902 80
341 604
213 271
185 691
319 709
519 953
838 958
237 172
845 766
73 731
439 406
584 661
263 700
463 798
830 855
625 706
528 112
51 148
592 237
96 297
656 313
39 143
37 420
242 293
428 570
936 618
557 442
889 250
786 188
595 777
372 291
911 611
511 179
982 84
84 242
699 409
754 102
527 220
524 221
381 300
142 997
791 752
388 190
953 801
323 47
746 955
969 195
713 63
518 869
818 64
607 54
459 18
752 82
196 885
743 983
771 831
548 74
52 172
751 448
30 317
742 567
353 837
879 489
969 858
444 200
879 187
919 878
17 455
964 535
61 342
162 850
412 922
128 995
228 322
195 323
501 545
708 181
410 988
466 868
621 843
417 57
996 981
596 951
378 945
848 684
420 565
180 359
924 81
605 243
574 368
230 30
765 13
103 223
250 209
323 330
593 370
599 850
895 30
595 879
595 778
395 309
999 157
184 159
77 808
86 611
513 543
614 688
42 721
223 898
550 482
861 493
449 249
726 765
566 167
8 83
784 676
715 226
356 870
589 483
119 237
340 226
873 935
878 744
827 859
292 465
951 701
983 485
623 580
413 999
32 192
787 48
701 250
993 482
420 36
238 528
702 40
498 755
307 971
395 455
54 437
652 232
391 521
104 392
855 475
23 789
91 476
114 757
326 142
284 240
398 394
9 859
753 178
847 987
229 969
882 296
21 5
617 265
910 528
639 518
164 170
726 998
691 919
493 740
728 669
5 165
153 425
77 917
703 270
9 349
723 651
686 709
34 869
386 927
278 533
324 522
801 711
425 680
301 878
303 892
426 638
39 731
426 404
787 786
689 464
875 764
909 184
682 471
832 863
935 237
381 6
469 933
730 776
931 999
565 117
10 910
566 777
104 20
544 716
934 565
392 77
308 985
800 760
960 44
995 164
69 708
895 956
367 130
135 940
145 519
513 967
606 223
199 441
604 586
2 715
549 664
851 305
216 896
261 253
893 190
880 474
725 975
610 820
492 527
807 70
642 454
321 430
895 553
602 738
708 803
846 558
538 112
838 276
162 115
368 8
862 315
930 765
866 550
460 345
956 914
331 127
4 832
281 424
644 831
295 468
526 936
111 27
858 848
378 366
301 364
954 189
998 929
255 928
78 242
399 512
165 883
476 98
590 655
964 786
553 660
124 822
651 273
927 222
966 466
71 509
214 596
826 701
801 855
772 333
119 443
831 13
392 292
145 525
765 54
557 824
587 884
525 726
661 682
401 120
944 851
526 239
723 29
267 662
130 927
12 408
144 441
645 79
703 127
466 140
121 979
585 239
649 458
929 930
834 441
781 716
959 705
714 572
20 125
643 14
806 543
176 287
755 248
327 997
253 899
567 210
863 568
812 892
928 546
749 492
313 160
718 336
109 413
198 86
76 864
449 863
400 155
667 235
663 774
770 636
974 83
437 66
969 802
776 596
272 337
989 17
192 883
959 251
475 933
999 513
184 964
4 364
193 663
176 554
364 727
160 748
465 964
389 52
265 672
793 940
614 408
638 954
306 903
929 796
956 697
690 111
440 498
576 222
598 337
79 377
168 806
380 916
971 173
757 200
480 330
884 843
869 916
426 349
492 325
534 547
546 310
753 722
422 534
828 786
265 675
473 425
798 896
236 893
842 328
322 961
776 331
148 971
528 813
432 975
340 337
495 160
353 676
77 319
945 925
295 501
320 883
620 227
747 628
954 488
364 185
120 6
974 174
997 317
493 675
63 305
323 258
432 714
856 132
959 63
366 682
34 874
164 198
828 40
911 39
930 562
905 820
926 418
193 682
322 494
781 553
254 257
293 288
774 220
897 571
840 141
648 910
584 137
308 504
880 164
334 729
895 254
605 633
246 257
672 333
576 454
487 621
327 82
149 827
389 803
366 110
624 606
445 693
137 507
34 739
467 221
610 568
589 527
767 119
165 512
941 822
520 787
915 129
563 749
268 136
408 302
575 473
786 881
369 420
21 618
930 371
964 70
735 486
891 734
228 334
94 125
652 937
825 840
7 44
594 447
923 429
685 380
927 160
552 460
652 463
120 666
717 530
145 985
539 47
593 433
130 112
423 923
560 778
391 925
162 286
152 216
529 993
712 995
103 717
582 950
161 215
139 607
958 656
386 409
895 299
84 759
438 610
685 653
428 153
506 599
385 858
583 593
417 714
523 406
906 368
216 588
293 950
606 785
770 285
341 814
963 762
313 626
34 775
416 817
872 63
412 556
842 583
472 603
231 351
816 876
12 864
349 327
394 141
39 512
657 656
442 894
885 899
399 780
276 793
700 446
500 805
859 635
391 749
559 434
513 238
587 248
16 190
17 909
459 696
976 449
158 919
406 389
441 182
274 265
798 235
829 835
193 199
428 511
877 166
492 938
379 318
201 335
325 177
459 572
827 327
941 842
817 524
426 632
343 731
969 312
929 445
736 431
309 644
623 187
83 293
698 83
754 19
734 740
119 228
729 775
294 510
216 469
998 174
518 766
618 911
350 262
874 521
191 334
361 568
572 417
412 425
556 602
889 659
446 360
984 152
73 456
576 13
217 500
176 566
459 477
204 183
981 538
448 152
144 440
681 400
929 638
384 475
593 634
382 585
660 499
250 749
652 643
682 332
268 767
131 921
329 15
239 527
318 266
45 487
981 61
318 776
991 914
676 687
926 394
127 313
763 524
862 110
233 750
517 316
476 315
907 613
690 62
388 548
621 252
772 138
664 613
63 92
251 383
143 738
942 225
878 511
278 850
263 188
700 853
737 823
421 135
919 218
642 915
860 617
124 118
939 523
934 884
109 632
970 270
78 579
387 623
99 310
120 481
618 461
379 805
974 56
178 817
491 428
492 4
453 75
475 512
812 821
790 215
131 695
601 43
608 742
165 709
488 272
460 994
70 78
153 301
503 92
660 922
403 5
655 852
309 215
152 852
107 848
893 573
543 658
228 113
339 205
781 23
256 211
454 484
935 976
720 488
828 977
432 525
282 986
747 318
649 434
356 832
612 799
834 376
531 192
359 794
149 615
83 374
375 151
559 635
72 826
255 504
775 409
90 350
638 606
683 825
181 155
598 943
974 393
258 516
423 631
758 480
39 534
640 805
812 483
399 172
69 853
742 101
381 74
807 699
18 108
366 460
448 730
648 665
727 20
498 360
723 683
296 794
758 53
857 672
819 41
594 473
440 974
292 157
232 444
284 957
168 721
388 593
494 614
680 155
587 977
659 257
236 957
522 175
314 664
935 685
602 174
914 690
227 958
779 697
544 22
285 149
961 396
630 356
597 862
994 597
192 939
292 444
424 786
242 491
647 153
547 334
7 829
876 66
635 535
107 125
553 903
364 743
785 173
352 709
937 339
7 646
571 813
275 646
294 103
579 261
515 585
417 845
128 992
745 684
455 965
718 518
391 557
213 75
737 752
158 361
649 457
656 172
205 468
654 43
595 683
661 527
186 151
709 144
794 816
369 351
706 35
933 924
190 93
324 770
163 584
560 945
540 182
408 846
863 528
283 674
499 328
194 729
557 619
479 263
909 683
537 785
591 157
431 742
384 24
389 644
85 624
423 519
41 356
333 601
178 646
84 908
582 780
128 605
181 751
488 488
70 679
874 542
171 625
627 687
521 97
99 453
826 945
436 732
459 504
298 275
118 68
616 596
42 369
324 351
550 709
51 948
110 551
925 871
157 279
763 909
936 27
311 586
350 976
902 789
295 747
681 516
856 891
680 30
731 517
542 935
697 555
267 371
982 558
31 270
795 454
283 397
174 545
350 550
169 173
202 189
359 250
465 509
665 21
746 290
498 249
4 814
193 372
0 316
405 987
916 769
697 769
702 657
696 968
149 732
420 657
578 234
137 657
707 802
283 92
917 573
393 519
463 854
234 145
304 290
651 819
679 47
37 977
536 620
707 511
432 569
544 32
280 585
315 292
879 343
245 949
637 754
75 691
951 549
727 654
346 137
271 268
809 872
650 172
362 579
728 159
988 754
978 977
180 311
997 175
150 607
330 524
539 862
859 10
891 809
451 363
49 547
534 987
856 169
426 814
725 935
86 337
922 432
480 315
598 390
900 177
904 636
152 114
70 834
867 40
268 891
317 258
0 301
277 166
589 4
395 167
226 218
464 306
917 93
867 927
820 336
960 86
76 675
725 60
818 130
170 596
981 965
2 430
936 13
458 625
165 659
600 143
924 846
982 625
242 917
423 346
359 853
295 716
953 530
167 820
365 399
331 863
847 580
424 539
644 449
194 701
824 290
440 624
355 791
94 771
929 584
542 963
822 693
372 249
41 807
452 33
720 622
915 211
678 320
183 80
691 259
294 234
51 632
485 56
750 505
423 357
97 211
399 194
667 795
213 281
656 930
555 800
920 1
985 377
968 543
812 159
354 5
260 446
829 278
22 253
292 54
705 638
769 26
645 338
966 181
280 579
124 868
135 331
191 938
782 857
494 523
92 779
496 692
315 373
543 87
824 161
543 428
300 514
748 272
752 473
651 94
693 695
59 987
865 796
124 823
972 540
621 291
871 68
538 845
260 865
967 468
272 617
974 661
819 792
455 216
176 138
423 398
448 936
810 331
349 380
730 889
888 690
490 950
362 423
922 898
72 366
788 849
821 850
797 203
237 890
853 10
279 118
755 660
397 982
202 42
125 258
153 92
902 933
378 283
267 888
878 626
111 641
876 608
266 117
930 67
849 983
911 938
648 48
2 76
577 548
788 199
590 122
207 890
412 834
432 572
541 802
684 850
384 542
737 895
86 437
902 984
853 599
945 627
196 402
928 737
670 364
890 262
633 620
697 538
512 170
233 369
149 726
502 151
955 954
323 347
18 331
859 423
91 984
17 936
436 438
401 791
445 567
55 83
384 954
129 24
247 715
195 520
545 937
161 933
114 23
298 382
439 279
207 550
802 988
210 961
279 13
89 166
104 564
685 484
965 19
543 444
375 461
68 985
665 693
652 990
736 577
215 212
340 580
695 121
437 155
605 121
111 487
912 626
496 18
798 660
228 178
5 431
532 571
608 642
933 391
239 234
676 756
428 893
452 65
259 59
705 375
414 340
580 740
295 796
118 388
672 272
176 69
411 6
387 16
781 831
273 976
953 286
322 704
533 772
371 15
729 797
987 641
89 968
969 424
927 325
308 662
678 100
853 815
991 746
898 939
629 64
917 431
257 758
321 512
577 572
427 883
631 14
427 102
724 601
391 367
665 559
708 124
910 47
275 66
799 735
962 860
388 91
155 249
675 383
132 286
376 540
749 996
596 821
125 27
777 770
23 395
584 734
264 448
898 378
735 301
623 572
85 348
342 926
762 366
591 925
477 588
469 500
453 428
548 990
239 534
148 397
832 774
43 546
707 404
324 997
478 908
830 603
62 551
407 219
753 442
274 343
706 93
458 219
503 27
862 701
716 894
786 148
989 725
999 531
868 903
718 810
975 168
872 223
321 696
931 503
6 68
104 335
901 930
990 323
991 573
915 532
487 188
643 852
501 994
413 988
15 737
385 705
855 981
676 849
59 741
225 275
805 213
650 326
948 520
295 871
422 841
993 243
810 255
872 480
252 973
986 931
835 392
661 891
632 121
753 657
281 846
459 891
772 441
41 429
234 858
119 884
37 424
235 996
620 921
579 495
708 649
109 463
712 272
78 823
816 701
91 761
363 159
957 888
651 678
221 489
423 805
552 120
290 791
402 648
396 231
724 201
12 610
877 701
635 362
962 882
37 375
32 190
453 654
482 877
32 343
133 511
916 334
298 84
214 357
915 694
869 522
106 509
193 660
945 196
986 14
547 820
143 835
596 44
387 334
522 403
102 326
192 336
136 98
630 917
388 818
535 652
630 496
588 455
152 292
253 994
420 558
344 317
809 408
8 802
935 710
820 19
671 914
744 389
254 744
349 498
602 769
723 216
112 328
630 870
994 195
739 382
900 635
94 445
17 231
579 768
581 127
711 103
398 404
554 250
685 803
840 791
403 769
260 644
155 661
916 649
576 118
222 350
256 165
206 589
469 393
947 400
519 677
866 433
845 115
972 120
333 569
168 316
976 912
846 485
204 829
586 668
704 284
307 557
568 482
853 464
148 127
597 351
518 618
284 75
564 291
918 76
978 801
326 419
580 331
944 187
840 58
723 603
507 609
683 343
312 29
270 763
990 505
834 676
177 51
421 193
587 618
997 728
650 373
837 91
917 759
221 960
612 605
736 202
976 114
639 514
713 717
117 401
469 27
513 244
907 753
774 16
371 687
212 633
855 503
638 843
29 625
470 460
187 719
119 20
650 546
798 263
621 726
944 273
886 838
751 349
132 339
484 357
670 100
543 571
341 445
242 165
690 723
768 179
339 653
131 347
521 813
580 430
120 842
283 333
710 792
499 514
530 407
20 115
326 236
309 608
707 405
722 632
87 991
611 127
453 466
967 708
578 209
550 158
62 496
66 120
462 190
474 221
913 548
679 83
550 260
702 525
38 168
370 373
256 753
521 646
882 474
215 167
294 201
402 719
64 984
259 189
170 8
747 12
847 964
2 363
819 336
969 564
295 41
51 139
136 258
526 967
343 161
10 151
70 478
419 957
444 292
990 685
710 210
950 614
39 788
485 312
170 811
539 397
822 139
794 49
217 168
898 74
296 860
67 862
986 599
168 377
504 647
312 997
33 789
222 534
599 295
232 495
707 666
939 471
282 885
597 55
895 829
489 777
157 388
86 834
918 762
581 42
937 364
744 876
691 691
497 945
369 228
276 495
415 65
618 135
595 949
837 333
750 472
391 781
1 300
249 353
389 973
352 794
726 351
828 633
273 713
407 454
273 809
83 342
100 862
375 303
126 90
109 378
986 271
470 670
154 41
574 47
961 978
748 814
194 219
977 733
25 697
306 164
786 680
8 219
640 402
956 475
432 925
579 572
759 128
608 839
378 210
978 720
568 797
691 235
901 542
197 311
588 918
946 244
388 197
964 328
398 819
987 390
897 228
630 282
856 695
547 882
713 851
629 76
977 926
213 1
994 79
580 263
72 36
234 853
90 581
95 195
516 603
681 26
682 392
869 937
424 752
733 483
173 156
524 304
535 55
291 916
186 502
540 84
949 565
551 459
437 212
220 450
869 388
841 109
49 152
517 280
280 322
336 186
149 20
605 641
468 943
416 827
461 356
815 314
510 738
490 353
200 977
775 321
652 793
772 57
27 622
54 590
64 519
677 110
304 386
345 733
652 711
343 335
638 758
534 357
961 826
904 877
458 434
957 937
692 662
691 112
432 532
262 569
390 2
538 874
596 71
414 7
521 928
604 372
625 684
482 540
567 737
312 431
837 713
512 853
562 782
97 172
156 898
488 572
501 229
302 30
802 777
714 879
174 830
614 229
332 874
765 565
682 934
69 865
340 550
70 778
274 446
985 438
857 189
38 491
948 100
285 459
392 360
826 969
961 802
916 280
436 294
744 729
202 402
915 278
115 531
838 113
598 527
249 518
229 966
972 586
96 976
738 288
723 788
21 329
314 309
129 954
542 239
94 300
964 920
556 973
102 644
426 329
123 957
876 958
992 94
436 851
207 796
90 321
906 756
849 431
984 850
658 770
811 328
577 676
471 23
810 943
742 670
141 295
536 166
825 882
876 998
418 271
282 183
19 107
384 963
175 923
233 333
567 370
814 594
266 531
355 511
159 664
249 448
461 589
781 889
592 443
83 810
597 862
235 919
707 764
359 802
709 351
202 17
975 298
464 294
470 602
250 858
175 79
447 677
375 939
672 39
444 536
116 610
756 511
963 532
488 879
452 12
196 404
754 954
57 988
916 112
123 900
792 120
723 882
581 575
836 235
998 951
654 509
461 796
905 310
296 571
617 297
21 100
68 376
687 203
353 731
308 958
61 447
144 638
215 808
580 803
968 633
651 78
715 702
243 506
426 761
868 869
185 255
850 77
879 451
378 804
525 458
905 438
581 74
777 425
208 727
505 514
903 215
707 771
779 366
794 80
231 889
831 346
915 367
222 108
342 343
254 502
842 137
260 140
208 808
514 523
644 252
45 103
809 869
40 388
221 7
13 73
264 952
847 424
817 907
50 599
890 272
555 822
110 614
829 256
356 299
356 505
24 902
355 914
604 528
767 451
570 345
694 27
853 738
220 836
813 283
761 553
881 263
568 85
239 535
174 825
285 88
459 926
332 341
312 439
153 187
176 380
465 713
588 826
89 163
432 786
696 981
578 893
278 423
388 746
900 918
750 283
906 412
361 550
691 361
250 638
544 459
538 616
556 745
730 658
671 547
410 964
291 704
264 923
263 537
717 445
718 458
173 277
98 490
890 445
731 817
658 966
248 202
314 160
814 26
614 326
392 551
205 316
141 472
177 742
799 625
771 82
22 804
902 404
989 100
311 47
683 988
377 94
710 792
364 543
997 292
371 956
760 70
823 425
424 118
49 290
59 418
482 673
240 295
736 896
65 288
675 269
748 550
281 978
649 531
236 252
783 924
629 652
749 466
249 797
706 754
208 944
423 488
232 729
341 945
179 926
593 204
48 694
47 9
714 548
922 658
486 791
689 876
126 444
160 917
389 52
8 762
225 150
676 397
137 878
439 144
203 281
895 674
530 170
258 654
173 36
209 770
349 7
889 260
552 592
839 373
640 910
22 962
191 648
804 98
78 161
269 205
249 621
863 933
592 213
12 52
932 326
909 982
694 822
662 593
887 454
412 130
516 960
601 863
497 138
882 739
270 892
408 38
9 923
975 435
882 397
542 544
688 202
209 736
337 806
813 594
930 526
967 815
251 23
282 440
305 551
752 636
295 306
916 300
451 790
531 631
445 289
989 88
866 116
652 397
223 908
357 270
758 702
569 460
618 779
361 10
853 350
776 188
770 406
205 857
208 231
459 539
705 811
506 19
588 970
910 585
341 165
82 175
237 494
140 301
933 999
349 744
491 575
441 817
452 529
3 591
883 278
223 33
634 227
288 225
886 984
167 853
163 223
606 276
690 492
4 51
882 1
450 266
324 223
222 299
694 953
638 874
155 507
946 741
221 845
151 482
729 270
839 864
492 819
370 430
208 868
198 363
839 656
533 752
478 435
252 629
857 59
999 119
469 121
217 577
550 298
61 281
60 966
549 185
440 43
857 757
635 855
296 465
928 236
99 483
406 597
912 712
123 520
892 989
151 126
97 286
233 703
588 105
201 447
264 316
0 667
20 869
971 140
253 410
556 177
865 855
348 908
598 260
359 367
934 720
775 480
161 861
49 581
754 33
263 110
320 281
379 563
23 575
976 847
924 305
618 257
484 236
966 212
464 346
498 707
535 312
954 241
23 968
502 643
551 852
390 855
243 250
788 673
126 699
801 924
154 437
217 367
818 746
258 38
278 138
851 552
717 357
434 161
469 176
696 21
811 947
487 260
246 600
626 950
181 807
464 741
595 953
182 129
447 588
235 595
606 93
265 819
559 816
62 212
19 240
678 717
534 942
666 826
717 525
943 391
722 249
182 752
47 388
505 819
266 978
944 938
312 695
33 221
955 591
483 542
108 547
485 920
910 57
64 754
182 602
283 451
884 849
320 953
90 537
879 541
494 434
395 881
773 994
370 435
195 586
291 264
137 614
588 428
215 419
634 913
975 302
721 905
187 703
477 689
7 907
177 720
307 249
282 251
267 333
476 486
163 903
759 846
927 269
25 899
962 361
13 174
714 507
615 920
712 800
739 419
878 37
554 778
606 792
462 467
544 302
837 789
182 842
323 855
948 848
673 806
145 681
752 528
629 863
939 724
93 547
986 647
799 550
958 668
387 390
891 300
139 396
887 996
833 265
739 521
665 262
721 971
984 965
85 849
585 983
583 912
427 88
501 385
826 999
495 327
43 257
950 193
476 907
100 517
407 347
190 781
791 247
83 987
395 848
904 879
337 133
131 524
810 116
892 527
952 279
537 643
746 675
84 204
885 68
744 123
781 198
407 788
259 674
370 436
683 589
6 419
951 88
736 422
378 161
258 238
193 398
656 802
894 506
197 223
457 756
400 535
586 567
76 346
174 455
778 327
145 487
417 685
363 958
119 819
19 399
203 641
82 962
429 984
252 512
609 545
346 654
646 998
185 612
467 883
141 97
84 862
16 482
779 224
967 927
533 220
115 593
102 399
647 268
61 728
137 378
170 241
502 211
241 641
609 846
375 78
169 393
200 238
801 741
317 431
397 688
62 977
124 561
817 445
208 487
454 80
227 932
486 646
393 832
576 547
395 616
684 298
61 834
120 954
311 457
780 842
146 884
306 857
287 771
793 799
257 284
618 360
507 737
132 412
349 862
251 309
376 109
494 219
874 814
869 120
676 164
393 474
99 485
866 129
865 587
997 334
150 620
438 724
717 453
647 362
714 165
991 756
445 186
897 669
714 603
633 577
923 76
795 185
524 767
877 220
808 534
496 703
845 439
753 47
101 938
87 995
960 197
484 208
579 368
907 327
345 25
708 830
865 138
659 853
830 115
785 28
803 747
101 130
507 609
292 338
75 131
63 583
716 544
950 57
627 300
734 55
785 131
8 405
682 240
87 657
442 772
473 994
110 779
873 615
441 373
950 670
818 452
133 353
889 458
571 201
945 431
222 705
919 37
77 906
380 263
862 166
580 976
426 173
463 921
216 603
823 331
116 391
883 251
828 418
819 692
286 168
219 123
750 643
2 98
146 411
526 747
69 291
546 203
761 63
638 636
138 218
773 206
85 714
810 988
973 729
618 904
410 288
195 65
795 593
389 800
509 304
109 155
798 840
352 340
507 654
362 191
626 91
796 946
179 600
637 816
296 309
123 674
107 434
831 733
714 156
832 322
692 60
311 435
400 638
894 747
909 785
982 545
192 910
497 351
622 333
772 839
802 46
199 982
262 969
874 708
528 745
310 627
759 45
797 6
576 348
792 730
244 332
30 30
636 901
756 387
875 561
417 200
573 613
42 291
468 741
29 414
656 477
647 271
546 939
492 943
830 940
803 981
489 894
988 91
500 391
271 967
446 892
173 32
152 327
703 143
537 919
318 574
192 559
122 554
24 857
269 375
898 346
988 795
854 982
421 504
417 207
285 514
46 764
115 63
966 256
8 885
367 477
195 987
569 996
221 924
884 928
249 676
386 265
839 941
937 706
372 472
333 820
512 992
567 680
823 874
929 500
522 253
25 759
660 906
621 68
362 983
759 499
161 369
354 38
807 416
969 941
451 745
957 781
850 72
193 885
843 158
835 734
279 516
458 587
619 21
434 630
549 538
626 991
296 487
179 528
101 460
807 146
661 455
184 151
862 294
606 725
600 638
865 770
457 543
589 468
940 656
133 295
752 503
379 83
228 366
999 81
604 165
344 223
846 592
192 849
688 253
288 847
758 395
10 455
210 192
570 304
429 785
160 291
824 580
206 668
350 463
254 751
404 77
56 386
753 898
948 515
815 917
250 96
16 996
791 242
3 354
760 463
411 811
478 575
539 428
965 293
419 758
478 548
728 69
849 890
547 942
223 384
727 800
62 76
100 724
577 888
713 462
601 827
971 548
500 256
995 289
844 976
279 614
805 56
649 213
504 220
708 418
369 770
257 541
769 375
463 134
348 228
97 679
820 605
585 932
86 876
705 719
462 768
114 322
943 188
807 284
846 283
393 524
536 573
463 386
613 537
399 508
305 474
329 121
992 293
751 92
478 766
847 764
350 116
81 484
73 225
584 143
925 131
644 718
137 446
533 204
856 556
513 725
788 43
623 340
365 486
26 874
627 895
479 235
446 471
697 462
168 600
251 187
284 940
423 302
921 805
212 256
385 49
249 736
76 235
855 614
88 585
754 378
779 719
879 712
28 706
91 540
730 117
734 962
645 798
333 630
732 274
51 267
808 472
551 324
900 570
827 941
187 862
945 50
831 793
392 175
407 46
862 168
646 833
872 628
276 335
509 754
938 580
662 539
605 155
186 129
854 948
27 87
639 852
603 809
842 174
340 329
984 257
569 527
80 65
660 104
654 51
843 378
206 439
366 432
138 842
384 713
919 279
469 925
251 996
41 454
405 892
870 659
978 995
466 19
496 578
827 561
316 754
225 959
530 165
561 637
890 932
674 278
598 385
525 976
559 311
412 571
801 721
548 256
181 857
779 90
851 651
856 981
669 852
80 810
499 745
723 259
122 501
46 40
502 321
574 406
834 427
6 118
180 270
865 299
403 989
773 782
817 257
232 943
126 213
784 718
752 75
849 405
248 920
78 620
678 924
614 187
890 720
897 946
487 889
922 529
761 788
52 981
292 650
505 426
746 117
49 552
202 903
638 236
962 508
928 963
552 633
545 354
826 480
377 464
462 915
455 164
35 316
705 94
460 706
414 85
253 556
897 706
92 994
992 527
461 322
124 390
143 684
533 590
23 488
464 341
592 599
6 536
538 774
303 365
867 752
915 368
534 842
555 356
255 294
232 622
846 535
852 32
104 780
738 984
563 948
12 758
105 332
8 813
63 971
605 867
213 307
198 322
884 839
591 451
120 66
833 164
412 508
754 815
453 943
702 741
301 992
907 891
106 573
632 800
480 397
840 450
207 406
567 783
300 400
898 647
869 516
303 978
192 528
681 103
4 920
117 27
197 261
530 381
246 701
246 720
141 22
690 868
265 254
1 502
62 516
648 505
327 5
758 20
743 157
545 834
0 807
464 737
323 844
590 661
647 825
295 119
955 739
827 348
272 882
418 179
242 760
423 811
668 75
926 107
800 406
568 10
649 321
969 579
308 597
284 262
545 341
619 917
760 9
636 933
948 809
818 904
42 989
931 635
672 96
617 991
691 355
13 706
432 252
48 708
637 427
299 247
878 806
50 882
139 743
212 756
770 27
184 607
554 463
958 285
351 632
168 983
439 470
70 414
610 359
535 446
880 472
97 972
428 58
17 41
485 212
8 679
466 548
123 459
808 280
58 860
828 28
484 213
538 826
612 31
390 760
812 734
909 873
704 145
749 696
733 807
906 502
835 616
799 391
722 328
834 559
743 385
485 969
585 495
299 118
826 996
584 598
880 563
720 556
67 648
146 691
442 635
711 46
533 495
743 338
963 547
26 15
157 715
796 723
587 188
592 688
277 661
184 409
440 161
371 614
255 762
518 587
888 620
536 757
739 919
102 535
190 181
719 697
290 554
954 97
568 968
647 347
280 353
269 664
875 287
705 210
655 333
180 217
62 336
390 601
226 921
712 197
292 127
897 930
217 203
359 694
642 547
944 449
248 1
174 524
739 223
173 757
400 220
914 341
241 120
690 397
115 131
481 545
843 889
809 496
55 593
465 559
8 336
188 366
392 61
392 971
897 323
437 183
685 905
420 869
246 713
96 804
425 558
251 392
505 920
412 85
468 52
549 342
381 700
11 281
574 312
497 371
150 860
563 73
650 508
697 765
529 195
640 974
100 177
136 747
565 721
48 225
121 868
353 881
8 487
244 782
13 400
339 16
427 191
661 132
361 318
402 30
253 944
734 874
554 383
15 76
637 991
217 461
391 404
907 419
365 198
650 446
915 217
507 685
631 579
98 80
675 672
896 366
692 176
276 639
483 857
68 642
526 816
729 736
953 371
536 27
211 625
388 366
376 553
386 938
362 978
871 625
401 916
670 551
104 327
139 492
731 712
886 483
256 98
168 172
534 313
17 82
159 133
137 153
259 424
806 421
545 830
363 658
873 333
704 610
509 10
191 994
346 431
162 466
47 484
220 32
829 689
890 341
957 787
909 164
433 41
673 648
737 426
375 460
636 127
102 420
377 504
560 862
552 595
644 768
458 79
563 534
841 375
985 437
943 797
79 726
62 272
171 266
952 191
275 554
490 986
733 294
774 630
562 975
549 787
269 574
163 786
225 24
319 272
372 717
732 152
637 172
464 351
733 435
502 858
759 850
635 949
807 366
289 342
611 332
281 80
248 422
648 467
179 105
633 763
347 751
229 572
292 613
503 320
551 877
274 983
564 664
846 608
224 740
342 561
656 494
183 67
221 286
838 847
307 46
33 974
976 80
582 0
260 142
76 713
773 861
514 918
470 649
180 117
355 356
131 244
365 260
57 734
472 993
610 403
525 557
660 251
807 867
358 616
75 545
883 120
720 91
872 629
225 514
732 192
600 286
995 230
831 627
766 17
824 953
729 751
115 328
289 285
539 894
41 68
758 755
365 127
100 505
329 503
956 990
190 838
589 509
461 917
451 234
67 991
69 565
575 909
987 687
56 719
834 720
344 12
112 339
161 487
275 859
709 962
964 802
106 528
496 752
652 457
927 438
700 282
905 464
388 124
948 446
802 468
896 765
196 366
173 718
214 964
505 177
623 392
127 196
727 343
179 110
435 225
715 386
160 523
397 616
5 700
210 870
180 145
928 874
52 959
341 585
839 766
229 495
345 403
515 110
522 294
962 971
143 714
20 257
578 687
104 715
395 316
171 949
737 658
843 707
411 675
980 592
346 362
805 428
454 955
226 146
52 958
850 874
801 657
329 331
384 86
455 775
733 10
121 370
157 447
153 334
623 744
466 180
649 639
478 821
655 650
590 315
529 801
101 924
263 978
397 615
173 472
383 181
180 370
404 770
779 374
656 315
751 485
715 201
853 702
932 751
77 771
678 779
397 671
136 316
81 778
48 561
499 305
772 851
76 96
953 245
858 811
159 359
5 194
514 858
979 365
593 478
415 480
987 128
143 597
477 623
192 954
748 15
662 532
181 613
296 400
965 732
252 17
960 403
864 247
592 298
546 459
889 600
873 185
968 449
95 543
415 666
758 232
308 597
118 415
202 583
99 18
435 109
224 643
410 622
747 129
936 79
574 227
828 62
774 887
321 162
327 555
372 943
624 517
131 918
288 762
874 315
517 256
450 288
365 235
252 602
790 501
943 781
879 65
832 21
636 661
811 6
729 984
684 683
488 219
592 720
406 982
186 616
609 293
171 19
145 204
150 612
66 479
244 234
426 229
624 18
312 688
476 49
669 327
909 691
115 687
429 919
173 977
608 91
962 711
750 709
982 737
861 974
957 952
897 769
85 798
230 993
416 178
19 797
24 398
71 864
785 861
96 203
951 824
294 857
807 345
957 3
302 243
236 468
807 488
303 836
215 879
16 503
299 308
508 270
291 337
787 250
414 16
608 260
48 278
542 378
517 539
230 683
307 442
589 702
25 842
756 910
828 387
871 520
463 353
952 402
537 953
459 383
48 313
631 999
671 591
639 537
143 615
961 869
248 750
118 756
441 926
204 158
993 601
191 858
584 447
358 211
876 350
173 835
780 626
187 401
85 732
991 753
267 231
749 316
989 996
45 56
494 775
113 733
839 905
344 602
503 303
598 492
650 316
681 823
989 229
899 124
57 227
258 879
78 988
339 918
800 452
3 338
47 0
115 906
295 301
606 709
318 70
574 866
75 587
245 418
629 365
687 535
732 529
752 599
46 178
348 485
340 516
239 441
325 674
868 733
849 705
901 720
475 607
562 57
381 131
974 439
698 324
335 982
33 470
963 605
573 18
520 236
324 86
170 514
189 37
376 125
168 11
864 242
887 2
206 336
639 311
837 178
245 32
330 85
33 801
640 874
857 598
196 854
613 235
208 307
217 555
161 494
730 302
443 660
196 188
265 556
971 497
786 189
353 277
816 24
881 781
628 376
47 412
633 289
610 359
856 390
711 282
246 86
466 358
665 946
346 298
723 890
857 899
979 309
177 955
614 507
7 127
313 4
924 119
949 399
504 164
236 837
992 934
757 491
711 162
920 685
923 553
854 536
986 968
303 487
365 584
726 311
128 346
342 652
800 38
506 69
684 551
816 138
700 755
791 51
545 850
131 950
14 724
505 610
179 858
156 273
723 931
945 307
790 851
922 459
500 917
785 990
949 208
418 669
301 585
59 90
585 409
532 291
486 890
419 768
697 624
984 956
237 151
842 169
705 38
700 517
979 312
404 787
405 128
839 566
466 910
833 320
466 482
790 847
973 774
983 371
33 686
210 971
633 757
619 965
942 552
141 738
164 245
653 276
127 666
48 837
363 28
600 984
334 489
314 746
869 857
307 775
990 559
149 361
231 897
655 445
664 379
643 833
648 535
335 158
3 927
993 942
519 427
302 909
383 793
303 1
920 967
910 478
941 258
234 477
590 756
885 955
695 330
32 334
210 728
929 958
709 886
527 937
867 366
224 705
217 800
997 824
750 102
838 473
494 872
192 450
788 135
402 807
141 88
854 934
418 973
338 639
130 198
822 343
105 733
681 184
798 665
429 176
696 975
24 226
648 788
171 582
261 649
332 694
754 234
258 186
35 440
220 676
41 716
587 264
202 389
297 831
179 459
920 838
242 732
399 392
758 612
212 112
255 808
908 359
362 954
728 273
953 377
419 856
108 210
377 404
699 478
739 5
657 598
283 758
161 558
276 516
598 629
413 506
263 876
18 525
170 756
413 651
143 373
791 433
860 690
642 521
85 79
763 356
685 265
714 141
195 771
225 650
348 741
633 94
268 886
585 170
156 142
673 358
114 421
557 566
587 704
816 443
781 207
362 641
180 727
1 729
689 404
600 568
557 205
485 229
377 757
242 287
447 85
481 498
419 918
202 525
756 521
193 959
740 492
203 224
428 185
978 835
580 75
31 133
631 818
9 800
496 867
872 779
990 612
732 721
665 916
340 528
411 64
533 886
638 819
720 938
386 692
124 9
839 995
561 968
276 52
853 396
261 154
16 981
285 305
928 18
52 425
402 102
572 377
7 109
607 660
295 277
654 790
967 261
242 814
399 494
349 815
600 292
203 998
503 101
307 197
957 359
290 969
167 571
541 128
307 723
965 706
199 283
282 836
230 375
67 701
611 683
228 603
581 849
285 78
979 851
779 169
112 507
560 724
542 872
667 873
712 755
258 165
463 377
241 88
74 867
357 183
756 282
848 866
969 982
502 70
445 303
257 678
165 858
831 213
915 883
17 12
386 324
941 298
960 723
983 130
595 778
18 539
293 584
980 659
280 799
722 83
659 393
798 19
122 313
357 255
859 714
281 633
684 799
295 799
934 957
527 45
29 885
607 730
614 314
847 361
603 35
17 50
852 586
5 789
160 102
542 363
445 756
505 663
887 15
212 616
483 476
253 660
283 311
9 221
216 324
338 463
65 724
819 68
694 361
414 519
247 441
56 825
581 190
55 417
14 298
183 856
657 360
314 619
384 700
118 254
616 635
318 141
758 824
476 544
257 811
223 50
137 523
299 531
335 590
650 609
155 178
858 769
924 327
243 626
978 907
15 312
652 452
342 271
181 831
588 893
450 780
49 199
347 813
18 535
498 753
779 16
751 884
153 433
787 896
676 412
863 761
476 656
445 255
502 671
876 181
251 641
866 477
514 391
514 236
708 406
289 717
174 555
645 672
619 464
457 384
618 255
309 133
580 427
766 783
488 32
76 252
552 30
961 390
827 891
878 795
766 561
499 195
504 449
206 255
54 122
107 413
903 549
890 179
707 986
764 726
322 236
793 389
498 512
857 882
461 218
686 275
59 44
456 276
688 422
933 232
483 188
638 463
664 684
258 937
702 876
447 112
962 381
215 732
616 55
246 8
525 867
842 233
452 551
109 936
157 69
171 144
896 349
776 441
516 745
91 556
336 558
357 503
471 459
742 701
812 547
619 62
497 601
294 19
680 224
891 873
76 569
255 426
602 304
136 818
760 919
619 959
263 391
640 483
471 330
257 665
79 627
139 949
146 11
673 467
562 29
347 348
713 609
505 522
640 673
700 989
796 850
495 666
854 830
308 753
400 155
735 249
49 505
192 74
306 891
367 59
22 786
753 519
139 309
567 964
494 526
236 804
353 612
247 997
914 565
884 170
995 404
904 7
467 303
909 933
188 17
432 542
794 574
603 808
286 379
360 374
772 323
614 682
921 933
29 101
219 463
750 86
55 103
32 171
803 342
16 113
445 288
16 896
862 13
442 598
284 769
735 149
787 761
60 512
92 280
876 186
506 663
441 35
862 651
85 778
417 76
993 38
248 989
410 969
382 251
699 854
471 250
138 672
553 69
858 934
766 750
519 941
378 364
302 693
464 738
223 899
235 190
724 552
404 258
870 773
801 930
428 580
41 704
859 200
461 441
390 612
811 250
741 97
41 276
890 412
749 695
362 782
92 314
798 846
311 179
722 543
884 593
138 985
243 198
622 749
951 885
604 673
8 81
892 643
948 695
902 7
745 880
123 168
547 737
975 552
638 225
21 979
669 143
903 582
490 345
361 546
877 908
243 118
55 197
294 873
474 414
648 570
631 126
750 243
122 575
984 738
761 976
575 344
768 414
36 402
853 228
989 183
587 353
895 479
60 48
102 359
846 715
812 861
562 404
36 483
37 435
614 504
835 569
30 838
385 255
913 639
254 459
338 600
793 28
22 621
365 388
635 869
827 864
870 645
154 222
948 985
540 736
797 30
549 984
62 803
819 480
446 339
98 699
102 46
789 729
23 886
711 258
172 711
442 331
203 682
629 698
342 589
845 618
11 24
399 313
650 880
177 125
795 116
898 850
573 978
45 993
96 900
960 349
839 683
966 904
444 947
40 643
207 436
912 477
944 46
306 792
645 683
559 151
307 24
385 532
932 166
689 79
881 992
748 280
77 773
716 343
916 335
191 811
995 65
963 395
285 265
98 783
658 648
256 792
176 878
909 873
415 86
118 799
235 24
301 278
1 417
395 686
435 359
506 351
851 232
877 756
982 378
611 421
867 596
798 938
614 152
610 337
331 809
463 771
869 572
23 926
512 574
742 592
680 258
180 760
233 742
321 310
694 241
773 259
486 459
894 708
327 98
971 373
815 132
283 549
714 491
210 109
433 147
31 592
66 939
532 636
246 671
925 347
294 313
71 682
788 689
67 650
646 871
434 137
749 279
391 20
229 210
690 863
399 946
187 544
385 782
388 609
500 983
698 905
616 862
5 55
138 640
112 557
877 162
805 689
174 972
17 312
979 527
135 204
210 319
919 903
640 12
880 772
302 801
135 40
700 481
929 611
694 149
767 216
374 585
165 185
28 733
66 959
290 557
102 907
998 479
488 41
531 390
652 987
564 38
251 729
304 512
951 609
521 529
591 885
152 47
204 267
799 81
424 695
662 873
625 777
452 812
882 57
565 880
858 114
456 119
8 928
740 973
317 368
893 860
407 78
425 892
623 545
119 644
575 721
29 445
196 631
608 883
2 712
539 61
351 84
777 177
890 335
456 123
302 737
178 702
582 521
36 651
504 131
897 289
687 540
563 303
605 17
703 122
360 725
513 794
712 678
509 535
648 680
147 708
602 103
616 828
689 251
267 661
924 785
393 236
787 749
889 333
51 133
454 605
337 661
973 60
181 223
990 957
198 970
825 516
516 115
189 569
897 218
344 524
12 153
703 51
493 63
409 909
673 494
392 174
85 818
138 419
22 538
593 20
289 560
166 252
464 232
765 561
949 592
47 887
107 399
172 587
806 541
463 154
450 462
800 86
316 158
647 541
578 396
627 410
54 750
479 515
346 681
408 289
654 766
109 843
259 894
857 804
418 632
842 835
248 734
308 36
899 616
894 298
442 498
979 930
901 774
190 122
993 987
594 20
932 760
271 486
367 333
633 691
283 5
595 817
227 807
866 232
288 486
120 272
107 400
430 772
775 21
783 556
306 89
555 380
892 119
619 660
758 360
424 53
840 139
812 250
232 334
190 90
235 174
494 798
715 920
564 532
820 973
88 416
325 765
84 461
104 495
254 464
563 910
804 7
225 898
706 322
473 103
691 222
173 140
336 984
181 143
900 551
44 171
866 451
836 899
185 455
734 446
9 146
125 723
416 701
79 300
466 307
560 268
700 53
742 110
177 598
284 993
397 476
635 881
597 667
514 633
137 899
368 762
652 449
674 119
292 979
68 592
740 783
513 855
840 532
215 714
629 696
220 509
0 592
396 512
288 703
900 3
981 296
689 719
664 506
959 307
881 334
476 78
255 695
982 189
928 330
265 649
40 610
275 733
131 322
745 274
755 563
830 76
994 76
274 287
519 896
688 690
143 626
980 683
439 430
528 509
892 313
998 186
802 385
836 82
135 175
226 43
859 795
971 477
454 568
270 945
411 118
591 59
573 365
731 479
389 702
563 39
910 174
554 30
866 960
385 183
457 858
598 143
863 499
21 341
315 700
955 464
688 897
837 114
894 429
196 988
273 415
121 480
940 732
943 821
436 618
878 775
153 822
738 53
701 854
61 116
365 688
638 537
92 408
385 991
324 800
528 156
77 119
840 106
285 160
116 774
383 110
173 747
85 398
325 491
878 274
887 671
201 273
572 461
981 367
915 748
94 8
412 610
544 465
98 857
690 14
333 75
481 710
3 516
427 915
848 52
956 374
159 574
526 474
424 528
125 6
935 993
90 435
785 628
43 395
221 100
943 953
563 435
63 115
618 111
318 87
682 436
365 980
459 355
148 524
865 174
398 697
601 332
306 154
201 527
239 559
121 530
751 199
703 664
463 359
16 190
907 152
90 880
444 892
774 84
112 0
394 10
267 646
336 201
715 297
136 875
785 344
97 703
465 966
762 308
672 118
600 386
695 495
688 850
228 13
352 698
352 868
311 523
291 12
7 34
863 313
199 642
299 632
266 742
348 965
237 394
331 96
145 443
418 447
690 378
300 932
117 658
877 566
563 930
653 365
31 532
412 901
777 778
478 757
323 248
293 770
873 536
748 610
891 259
90 651
614 629
725 354
863 516
162 760
242 441
973 647
394 708
409 310
971 448
416 957
325 46
453 424
154 38
429 739
358 724
681 234
980 581
624 260
84 542
779 5
951 548
669 738
612 713
207 627
717 348
243 878
632 744
852 794
832 610
370 87
154 956
56 386
51 67
109 63
185 258
764 211
321 764
853 130
249 164
904 497
955 600
887 963
91 607
79 306
851 393
720 887
287 739
503 162
387 390
444 771
491 932
265 302
717 801
431 117
242 629
400 261
672 328
692 690
12 659
147 250
375 218
590 563
595 110
792 779
326 280
386 206
459 871
964 802
21 999
201 307
254 298
958 783
825 719
875 16
117 863
238 509
980 376
752 749
147 436
468 42
571 857
124 487
410 125
974 931
46 686
867 64
602 724
35 894
417 612
622 905
129 908
349 867
28 31
307 334
794 455
978 956
813 788
706 186
450 905
684 325
320 985
346 552
387 419
594 98
466 156
213 156
567 14
478 163
86 955
98 325
296 62
77 108
278 119
748 215
649 466
527 259
284 439
20 962
774 368
680 561
500 312
333 766
166 261
247 90
997 902
577 314
229 485
213 469
949 54
645 837
974 730
355 32
512 603
589 808
35 873
654 747
980 542
823 263
887 183
754 28
583 345
543 107
747 404
12 896
947 959
160 473
341 144
132 632
768 446
913 309
901 421
114 771
692 220
233 284
24 271
474 49
265 476
436 833
609 857
347 528
178 711
708 558
998 858
992 285
561 888
980 547
524 582
769 398
876 603
4 787
644 4
457 977
297 776
722 357
575 282
616 273
387 668
922 752
9 900
837 140
505 984
69 903
821 667
283 439
208 747
874 633
215 602
568 513
634 709
693 6
601 129
369 2
233 824
418 698
847 900
468 853
622 213
213 66
244 556
919 380
66 483
734 68
45 414
397 629
339 663
962 491
549 786
835 814
317 888
753 249
404 288
184 528
785 393
388 570
472 192
908 191
707 967
266 496
738 222
755 112
352 948
376 231
420 658
203 221
273 65
33 26
414 394
950 991
66 804
44 458
724 115
124 524
859 555
71 38
394 255
613 643
341 821
791 961
970 57
659 877
13 306
419 638
752 172
571 309
609 364
355 740
953 985
377 32
356 727
883 35
961 763
207 635
866 671
338 126
808 481
534 678
527 331
887 872
507 897
552 483
108 342
579 141
304 82
894 23
817 577
653 370
760 202
887 202
290 974
381 842
8 604
165 953
249 203
843 434
329 689
743 165
174 612
384 343
525 709
749 380
619 1
880 407
371 175
412 298
176 397
121 823
130 277
193 929
400 388
40 315
752 60
379 393
456 297
289 40
279 407
366 722
727 280
489 263
213 608
12 726
73 592
227 139
775 362
214 590
341 91
540 824
874 932
72 608
476 460
603 197
122 998
552 927
520 246
150 331
309 569
54 312
496 771
873 80
29 799
530 354
235 951
613 711
934 830
276 340
127 250
864 475
523 251
983 865
368 234
819 681
943 174
434 527
127 340
77 360
493 627
368 201
671 468
793 695
636 835
350 53
981 694
497 981
978 529
998 966
578 522
664 314
748 537
533 533
252 88
155 760
203 392
310 654
292 888
636 921
868 220
42 186
901 682
352 234
344 792
379 104
932 859
143 807
960 889
438 693
230 194
504 0
167 466
57 717
394 251
379 469
258 576
141 418
837 873
27 837
605 113
607 915
528 893
614 551
779 870
666 153
250 438
609 277
53 360
926 67
917 534
821 480
106 334
479 668
776 875
95 942
226 267
779 452
857 725
998 593
677 171
592 37
465 675
426 53
351 782
818 27
872 256
983 1
609 281
238 145
602 127
263 518
562 695
454 990
60 645
217 266
303 578
629 638
771 637
759 21
307 786
254 115
410 331
944 817
399 523
890 403
788 909
119 751
898 514
278 728
966 440
585 519
734 415
178 139
744 526
391 224
207 151
406 910
396 338
937 17
751 920
401 105
571 162
604 84
313 774
710 928
886 545
704 443
899 695
405 904
15 885
715 225
80 737
644 515
977 958
683 377
547 829
104 709
416 953
390 682
433 420
8 811
695 310
276 375
619 727
125 687
537 2
590 360
309 465
108 586
110 409
800 196
745 436
290 877
165 402
133 572
696 245
227 94
976 147
925 491
302 638
283 266
894 241
821 497
387 929
994 694
752 9
954 166
425 452
507 997
890 640
120 529
44 126
558 583
514 154
658 139
30 617
261 946
342 316
311 42
199 875
25 806
125 603
357 184
757 785
205 873
100 343
108 928
758 253
230 210
780 403
107 320
59 930
185 854
622 870
233 501
813 247
236 366
913 359
759 242
477 719
988 472
840 134
902 195
161 437
814 915
502 445
715 971
347 879
528 819
50 587
229 221
536 658
690 452
299 12
58 41
42 362
53 814
78 487
664 943
977 455
211 738
14 159
972 558
876 630
706 171
898 979
652 568
544 219
29 641
282 847
33 385
883 975
594 940
651 676
288 793
532 645
492 738
329 216
150 347
356 17
732 722
223 625
341 319
555 296
228 389
31 210
537 487
472 780
809 361
692 367
915 228
319 183
831 347
643 217
305 274
924 301
11 135
809 225
806 15
766 191
236 838
91 28
390 903
505 584
548 895
348 42
410 425
788 831
15 610
100 319
120 344
502 180
408 892
499 818
914 863
263 991
417 23
902 828
905 90
101 760
531 916
3 225
153 321
125 872
234 73
575 415
952 721
965 225
365 925
32 152
730 144
119 507
129 976
740 309
710 805
354 688
717 942
221 231
895 347
763 854
557 161
75 307
468 765
217 481
519 64
901 984
96 8
7 833
50 998
233 374
946 422
617 141
924 68
58 130
999 924
976 194
664 585
397 83
635 439
173 67
637 623
279 450
945 861
780 979
3 369
192 346
669 246
491 495
465 979
213 566
144 456
227 380
756 347
187 530
280 256
234 157
827 421
984 289
58 468
728 148
213 748
197 685
14 454
533 898
803 917
862 403
291 922
647 578
350 598
213 740
433 647
401 433
25 898
572 393
270 172
328 100
672 100
370 312
293 519
471 906
379 440
322 187
343 997
758 99
23 723
347 386
861 653
391 605
67 526
352 876
890 737
511 911
300 364
309 801
911 199
613 519
872 467
550 509
134 984
746 966
651 47
539 923
587 629
44 986
224 584
715 958
966 484
478 100
981 692
298 368
371 633
868 511
688 429
690 711
10 327
53 541
482 5
408 131
478 781
694 44
786 687
182 455
787 211
249 548
777 248
543 112
837 947
668 308
923 814
936 409
32 371
545 377
306 275
536 981
857 798
250 171
690 513
552 926
137 161
916 621
488 138
797 395
488 196
914 698
150 290
605 548
661 646
883 593
288 908
366 908
155 989
446 535
674 819
767 217
902 449
474 555
451 575
591 301
209 287
764 697
573 719
38 21
291 382
497 323
846 859
585 707
48 169
604 506
5 469
60 452
731 425
911 232
75 885
834 693
432 704
982 602
700 351
92 209
428 777
171 981
294 831
827 46
428 930
941 512
747 473
32 561
400 119
746 176
849 515
395 840
29 186
157 260
328 942
562 37
811 879
377 770
984 762
88 472
854 246
96 281
503 257
930 190
822 265
833 807
601 923
335 410
523 3
434 143
736 893
50 453
738 599
608 985
245 182
312 887
4 918
280 22
772 738
656 87
485 788
349 70
937 456
63 475
412 206
350 100
594 753
595 35
585 27
904 72
169 929
176 297
682 479
587 235
324 870
429 227
976 98
838 480
330 759
762 367
486 257
767 452
31 35
569 654
580 201
949 35
233 326
486 158
669 119
415 31
424 397
594 46
339 950
136 815
224 976
491 336
182 554
833 574
984 659
796 269
837 214
134 634
72 274
33 242
843 558
918 987
569 456
77 776
989 849
705 860
416 52
76 4
339 712
249 179
634 384
89 45
14 617
180 428
566 891
319 255
853 40
587 8
350 136
349 285
674 499
120 584
834 722
832 63
661 648
697 603
111 597
576 455
719 45
513 155
401 98
409 405
340 601
144 241
854 696
739 662
176 267
573 513
277 973
349 283
104 129
509 617
98 924
3 883
465 947
67 385
747 77
333 176
70 852
728 404
260 303
889 401
599 307
388 633
468 800
691 750
531 696
630 143
325 579
198 204
320 86
989 943
51 533
930 783
780 155
261 782
20 379
9 449
787 434
710 278
427 216
994 247
180 806
115 708
486 150
394 909
554 135
331 576
419 903
622 121
537 715
847 949
687 168
812 257
79 209
847 390
197 834
406 751
324 288
849 845
425 170
268 60
688 709
298 945
802 64
322 512
729 828
688 630
301 945
229 458
924 795
882 355
479 993
868 334
656 130
38 632
718 146
447 113
317 357
262 484
216 150
676 592
918 10
569 203
42 318
691 475
616 427
15 59
964 122
554 987
139 194
450 323
957 887
455 414
680 697
866 600
811 439
444 66
446 554
573 725
896 71
148 907
594 823
208 742
372 820
155 596
599 537
682 428
562 661
968 746
450 396
421 595
878 9
744 107
670 32
106 324
922 617
523 131
952 618
707 406
643 889
396 386
184 24
599 924
126 637
999 815
305 765
757 107
317 722
152 337
623 151
462 728
281 777
682 740
403 144
45 882
200 505
406 8
352 390
760 803
341 457
85 163
408 278
190 159
3 680
440 561
541 259
166 390
784 229
424 406
593 236
89 341
725 986
805 958
95 622
259 923
717 253
685 924
505 457
661 443
920 463
416 778
243 916
934 604
760 289
591 4
764 828
327 621
70 150
453 63
296 41
234 739
374 36
255 74
353 881
682 100
584 316
420 395
609 187
379 679
688 377
361 968
379 723
298 669
27 464
873 69
113 934
503 754
416 863
877 27
170 832
986 890
857 15
77 213
508 100
760 942
400 825
22 789
770 976
163 101
603 204
573 396
303 345
520 980
70 165
967 942
823 211
937 729
894 514
970 990
862 161
937 686
734 680
611 665
702 107
62 356
29 226
888 641
972 525
725 910
641 512
697 372
498 275
377 90
209 434
891 225
75 686
693 17
898 266
341 776
955 906
643 436
439 959
983 760
785 324
418 870
376 500
430 91
718 115
58 360
698 819
292 6
493 273
360 276
621 327
813 773
399 626
556 181
543 616
591 70
888 916
166 969
305 507
918 728
584 40
570 365
376 120
521 91
178 929
866 869
890 831
367 761
744 728
939 689
269 793
290 608
298 214
617 304
366 188
811 427
205 804
595 261
629 292
63 135
19 60
94 809
962 911
870 689
230 115
123 347
977 22
136 631
629 601
560 219
172 668
837 503
733 46
816 15
725 518
483 435
708 323
883 784
540 131
465 465
352 602
828 746
759 977
548 20
576 860
567 572
885 532
155 157
922 791
532 501
824 517
477 139
278 488
776 689
271 753
295 298
765 175
728 533
693 217
438 735
463 204
95 424
701 259
385 405
452 960
399 319
687 101
502 892
696 941
304 444
405 952
315 557
2 328
888 585
411 973
284 965
678 3
460 195
745 412
913 185
384 537
293 383
287 512
204 60
834 422
279 42
408 56
510 741
778 981
528 29
945 992
19 171
613 530
296 103
923 954
593 128
919 265
471 313
8 322
931 302
84 716
2 357
964 407
67 518
242 726
950 500
455 256
54 771
273 173
105 163
920 599
180 245
433 784
67 854
958 515
83 562
919 429
607 270
320 522
760 550
535 21
889 763
322 54
320 811
56 327
629 752
290 297
145 736
715 837
381 352
964 166
107 442
336 120
793 917
564 660
980 53
664 861
16 36
295 615
67 208
599 229
338 815
992 688
166 779
884 355
163 951
918 41
416 178
19 364
611 634
669 998
870 491
368 164
103 311
600 549
596 903
466 268
999 860
690 307
156 669
90 980
291 558
901 503
785 419
683 236
444 60
285 998
689 72
572 477
981 461
537 850
31 132
132 577
225 809
857 417
521 654
719 8
787 169
664 870
597 207
706 883
302 964
537 376
444 440
680 127
580 433
214 902
392 93
753 13
229 892
743 581
430 628
98 711
275 211
629 300
148 150
211 694
682 990
937 619
163 257
778 4
773 986
279 45
659 199
187 433
373 482
491 746
767 703
126 835
883 660
52 712
656 548
902 753
597 267
188 928
151 965
566 413
807 681
330 486
296 831
336 360
362 40
701 720
548 710
370 821
976 886
167 106
196 691
880 274
780 92
553 635
407 289
145 101
252 395
497 688
239 353
501 228
737 255
609 754
289 784
700 968
779 959
42 955
753 312
483 42
839 51
115 843
559 343
940 986
167 945
508 680
940 362
365 335
88 513
231 524
964 255
861 944
747 794
312 11
430 795
598 930
101 824
402 238
210 496
559 203
258 862
999 431
662 875
678 899
8 481
169 813
397 877
541 535
753 415
275 374
337 288
330 758
584 206
747 123
189 582
817 554
366 596
874 941
826 114
384 864
856 414
740 308
756 771
790 595
258 286
850 906
894 73
980 784
444 10
299 517
696 548
112 210
178 7
64 199
203 739
586 221
624 670
422 498
500 583
315 246
973 931
304 665
297 779
797 831
882 60
788 427
814 188
503 335
503 77
29 800
225 667
697 758
300 345
336 215
515 182
531 277
793 413
262 847
145 969
363 621
382 628
548 955
507 464
20 496
972 709
513 988
626 55
550 361
744 87
967 667
202 100
356 606
751 56
817 772
682 508
841 4
354 709
771 928
151 341
612 437
65 343
79 821
440 721
611 199
661 327
47 810
275 644
605 31
184 605
141 789
831 14
558 41
550 270
758 502
851 688
250 337
906 565
619 894
596 106
38 970
171 397
559 455
333 825
108 634
248 902
838 89
141 625
930 912
211 597
174 673
123 864
967 667
530 373
824 143
310 995
665 885
563 543
757 811
176 122
434 675
783 987
828 152
740 731
641 713
108 330
230 324
589 872
199 441
114 762
425 598
123 77
39 23
942 701
63 36
642 677
160 557
585 344
312 176
719 458
602 202
334 949
721 414
418 203
252 213
251 877
148 492
897 110
349 922
777 103
618 424
297 602
212 371
388 868
503 751
871 687
602 843
761 335
354 370
169 649
578 956
548 399
374 373
30 618
316 62
637 487
809 177
279 620
871 666
216 251
866 745
495 575
381 534
252 617
839 967
767 976
423 997
912 110
413 302
292 576
891 105
219 37
349 539
580 517
131 732
328 108
817 493
387 742
114 298
629 466
909 350
132 465
185 509
916 999
729 425
961 354
370 680
763 197
634 734
156 895
295 218
513 198
425 68
451 404
939 800
842 76
432 228
453 401
581 340
958 311
327 542
97 209
865 449
622 31
331 820
827 916
531 966
815 145
464 963
629 436
64 105
159 704
98 928
274 254
827 118
656 281
351 781
116 697
443 357
974 549
838 280
761 104
324 848
911 324
562 452
717 490
688 829
919 554
159 615
945 572
940 769
557 682
893 70
98 146
381 523
726 914
617 210
396 970
836 733
608 751
302 779
778 167
524 996
559 285
66 27
556 768
760 66
784 300
537 226
795 453
634 760
523 169
220 2
913 942
121 431
869 95
685 235
74 167
59 106
967 131
327 865
436 287
713 309
610 967
687 601
15 585
425 231
76 859
954 629
278 693
385 129
799 281
784 542
827 830
296 46
423 538
283 385
571 406
889 308
577 864
953 474
380 467
245 334
387 977
871 803
804 1
945 555
731 922
89 765
864 533
41 730
282 507
472 177
361 891
317 355
849 965
797 834
595 580
347 384
840 341
634 118
947 711
427 591
277 448
513 31
456 533
128 975
78 170
226 856
421 974
577 551
560 99
247 437
14 804
600 94
783 625
133 684
658 124
804 454
678 293
232 220
324 423
270 381
670 816
772 877
673 526
977 43
96 409
796 13
828 296
433 434
581 641
990 573
494 243
238 43
573 184
872 200
93 682
282 685
903 722
526 865
40 220
871 853
683 435
498 657
67 401
951 4
461 801
488 182
781 748
461 458
806 391
551 7
821 410
679 3
890 65
123 441
566 800
426 201
962 6
472 703
655 485
824 715
140 590
239 742
275 420
468 514
651 129
636 116
176 668
590 418
276 858
758 12
181 284
344 554
290 469
416 990
532 497
766 19
130 462
243 229
407 797
950 694
326 617
664 970
13 770
439 258
782 166
476 581
467 648
243 897
547 225
324 934
510 801
726 410
398 814
103 917
259 585
893 632
563 42
55 639
957 37
210 602
909 23
242 604
717 731
976 333
729 590
681 604
920 169
376 276
370 565
665 917
689 551
669 957
397 717
298 107
455 219
926 635
11 850
151 921
842 50
777 389
276 755
852 404
626 572
163 258
32 861
154 205
304 88
350 559
524 450
758 0
69 612
474 762
657 208
911 450
407 695
139 962
729 370
823 648
346 28
741 115
843 754
871 568
895 799
157 855
893 906
821 104
605 196
401 53
594 552
283 498
80 34
660 549
800 792
657 898
301 916
104 412
315 208
252 202
108 90
480 940
845 727
502 843
16 401
556 870
380 996
614 42
469 635
80 723
574 289
883 761
196 345
542 291
382 568
249 523
916 733
370 175
308 974
651 437
612 614
622 54
10 973
957 60
616 731
940 90
213 177
739 648
496 643
725 917
981 988
435 106
815 629
278 453
502 573
502 854
483 73
97 292
383 528
41 768
917 556
230 996
842 376
538 916
876 427
782 551
111 18
121 984
640 29
435 622
184 289
159 383
437 999
277 517
5 978
152 233
142 640
679 212
123 305
360 786
762 655
999 899
880 14
621 419
404 204
667 283
725 915
30 302
605 728
184 512
46 507
409 101
451 72
802 383
618 402
465 731
378 543
303 24
374 344
892 410
11 196
595 213
312 831
487 411
300 691
933 132
882 726
455 42
745 217
75 493
285 755
447 109
418 754
63 138
163 204
953 646
923 868
773 551
144 122
236 285
804 577
483 901
133 264
286 607
504 727
850 458
979 478
252 690
567 652
882 671
723 907
21 107
818 766
667 456
594 139
455 910
507 198
887 193
88 850
925 983
681 874
579 344
808 717
198 739
581 421
466 221
264 904
499 750
629 856
78 286
657 701
848 428
260 535
619 592
954 66
392 673
511 950
395 714
881 607
882 734
803 135
13 413
200 805
459 620
767 610
977 867
220 956
881 653
198 731
277 990
175 703
371 637
925 956
966 545
303 949
359 10
163 70
999 993
244 655
982 194
724 636
567 370
635 13
121 560
720 633
133 312
510 122
84 953
468 852
901 719
118 984
205 895
28 441
110 748
352 577
480 314
179 79
656 766
244 526
933 303
157 931
123 857
351 510
267 641
34 821
834 48
871 55
621 619
525 36
679 488
538 163
407 258
63 687
665 937
907 661
796 990
48 948
255 187
885 356
736 323
773 882
385 165
263 261
564 741
435 394
953 889
140 787
512 958
897 536
772 85
201 678
244 683
32 782
111 366
890 248
454 968
851 825
87 388
77 952
527 637
7 901
602 375
552 870
979 425
884 165
325 349
960 765
647 932
964 232
654 15
64 574
691 605
563 975
690 764
584 453
396 273
759 56
109 378
912 932
104 81
191 164
200 824
554 138
797 274
798 195
895 788
292 683
424 620
530 857
281 891
770 734
946 667
508 168
621 926
137 715
260 245
282 244
31 53
430 24
689 330
691 834
735 933
370 441
302 94
720 438
484 218
543 943
948 506
752 135
655 128
139 851
288 334
124 464
163 896
81 13
176 444
68 116
498 791
146 361
976 77
816 52
613 96
267 12
671 704
807 109
885 698
656 406
573 968
690 638
569 635
849 7
460 850
842 804
335 270
722 326
888 646
595 159
823 770
959 619
364 635
814 201
933 148
464 561
961 273
168 586
226 966
771 754
110 626
510 97
885 954
89 729
141 309
992 332
765 738
883 380
679 656
5 586
648 492
359 743
165 108
541 135
676 754
738 364
557 529
601 759
859 39
91 616
261 349
598 321
270 447
126 53
88 759
136 507
707 961
259 617
79 213
134 62
258 871
466 166
577 717
557 976
348 242
93 111
58 126
778 423
428 337
457 483
603 190
650 219
246 874
718 191
134 928
458 251
924 677
541 287
93 4
447 448
762 502
127 391
362 992
337 339
4 34
65 349
772 504
745 191
901 576
166 91
439 866
946 32
976 257
625 85
182 414
426 549
82 238
481 531
66 106
775 69
143 815
894 652
202 578
942 674
462 102
19 793
884 114
706 36
894 522
509 521
785 33
721 411
336 526
456 990
134 581
406 278
959 25
119 559
569 248
360 119
559 48
588 879
911 869
644 130
882 325
476 445
899 297
818 133
917 811
177 46
754 461
315 376
188 973
490 570
93 301
474 271
517 70
843 963
884 846
490 866
923 379
161 388
219 591
455 564
92 822
159 993
902 546
8 644
374 195
619 907
646 139
218 532
874 268
429 762
750 805
303 204
593 522
76 171
206 550
196 215
670 202
962 708
931 479
885 570
766 408
858 443
954 244
551 518
704 625
918 230
948 456
330 3
551 385
133 237
889 71
817 787
650 242
483 979
508 948
86 427
861 605
406 935
441 532
877 790
206 230
23 292
447 63
11 361
365 727
784 422
167 620
229 704
315 52
612 153
177 658
936 452
264 999
388 595
634 563
793 642
328 161
756 755
896 728
125 946
177 739
849 58
94 707
814 840
343 106
658 44
396 939
833 475
420 798
704 852
603 576
695 281
897 236
308 930
589 736
749 413
241 660
66 524
71 556
528 936
694 888
807 177
556 505
345 345
563 959
596 768
557 616
345 826
66 846
14 896
702 801
269 531
961 670
533 493
644 48
123 946
818 925
348 240
307 733
246 376
896 248
70 632
63 801
501 849
626 271
652 259
528 729
413 947
532 437
419 344
511 946
154 523
987 694
787 607
996 956
908 575
446 207
110 828
690 363
803 431
833 742
250 75
41 297
49 944
971 564
44 117
73 622
668 442
954 171
767 435
177 261
157 388
890 226
684 78
152 832
992 337
677 649
494 142
587 384
448 657
704 846
641 573
917 23
294 64
189 825
212 269
221 615
643 906
366 32
849 18
88 684
808 456
161 594
693 199
802 596
150 566
137 648
16 223
144 744
470 956
552 695
379 886
465 331
14 874
622 236
793 142
891 717
306 660
795 525
12 390
58 171
133 972
459 443
764 560
82 683
632 293
147 600
368 147
338 336
318 110
12 985
584 620
142 349
33 751
45 783
50 612
427 243
99 459
552 859
274 331
195 274
330 548
866 818
295 690
283 362
807 164
409 643
596 607
574 517
183 642
823 380
638 698
458 311
648 678
783 416
736 354
865 477
122 398
508 760
515 553
821 447
924 855
924 243
208 482
34 865
957 704
233 237
435 477
159 2
864 344
625 325
45 631
720 768
861 404
835 949
869 413
614 91
950 483
159 731
208 454
277 652
880 68
744 526
469 429
213 430
835 407
514 873
245 596
784 582
812 180
538 103
85 729
541 859
137 163
23 141
148 552
835 954
631 191
84 568
369 814
257 202
66 539
381 34
587 845
711 892
771 582
110 486
297 641
877 540
12 227
421 753
675 32
456 917
658 93
3 766
977 193
918 724
406 184
547 23
399 414
47 948
897 840
476 801
768 630
316 936
741 679
156 571
733 297
545 444
448 434
723 949
412 527
942 444
943 914
251 243
696 74
619 161
519 629
261 625
861 927
869 715
939 520
243 180
582 664
395 111
953 191
509 185
875 187
152 116
53 980
513 589
715 658
422 626
302 821
251 622
349 397
512 613
987 895
981 548
529 890
935 536
733 526
817 681
140 153
263 870
893 413
925 865
444 896
421 504
216 668
702 475
385 316
869 996
458 390
287 651
969 893
431 273
751 524
135 139
615 194
236 722
100 447
930 447
123 719
499 133
823 251
546 970
518 322
814 306
726 305
680 46
549 966
765 928
253 394
745 454
110 168
438 416
307 581
663 124
304 321
927 992
575 801
5 539
818 302
891 235
631 807
396 679
103 821
804 100
707 90
334 390
162 987
427 875
908 596
539 575
521 81
44 116
333 982
558 626
517 991
347 660
596 88
770 755
674 467
507 171
149 773
999 17
476 350
396 176
240 312
218 361
757 332
872 494
690 458
385 719
339 66
378 398
473 352
701 61
176 255
988 183
273 395
578 588
734 465
677 829
985 402
451 961
566 196
253 460
369 839
236 479
760 410
664 830
52 214
784 79
538 854
662 571
194 377
850 124
397 950
409 910
88 653
694 177
24 950
443 650
162 206
744 466
111 660
349 739
462 891
803 763
977 921
574 674
954 500
909 391
335 991
53 160
710 715
498 207
40 708
147 907
990 968
210 900
705 404
752 771
531 567
70 130
466 372
814 779
323 721
674 729
391 904
182 357
723 328
748 763
311 522
634 480
580 389
9 745
925 892
216 36
180 604
784 965
769 676
96 461
971 504
160 921
485 148
371 433
787 136
561 810
407 367
896 33
861 556
876 46
736 919
842 640
476 411
601 637
972 624
922 228
95 504
366 336
321 853
239 394
558 541
933 986
786 386
560 938
388 689
828 394
529 382
906 471
734 871
380 212
798 663
792 512
871 987
601 909
131 719
326 958
688 918
253 869
954 74
450 871
366 705
207 838
500 379
353 967
356 882
167 666
688 379
245 381
483 183
88 812
693 868
330 81
866 953
700 390
434 296
588 801
809 692
561 918
54 396
639 105
2 911
184 20
191 303
783 878
140 45
470 320
49 615
223 32
340 372
842 825
861 945
137 630
162 522
735 178
163 753
851 42
571 25
548 571
391 831
64 195
499 176
307 994
424 928
546 881
352 779
730 88
539 523
485 689
426 855
204 41
36 61
433 332
62 890
904 247
756 660
901 720
252 129
822 292
126 863
507 946
844 304
615 474
823 524
186 258
138 238
57 347
186 22
442 342
987 373
144 681
934 229
657 958
506 992
154 911
257 775
8 89
952 308
414 800
976 982
532 735
578 439
527 104
869 617
151 838
645 612
834 76
795 526
559 403
247 826
146 416
519 767
493 221
282 398
666 819
101 366
918 47
505 652
894 395
34 724
364 948
909 516
912 227
600 941
847 115
745 741
42 6
706 395
121 971
389 171
617 482
386 464
153 993
24 176
12 395
0 58
419 736
725 60
528 324
264 392
388 77
891 629
954 946
805 874
559 531
857 183
547 418
149 94
122 374
872 788
872 430
908 446
627 926
123 819
737 596
863 989
562 540
258 329
468 317
54 59
687 523
147 127
546 378
903 103
127 231
486 364
302 321
771 80
87 40
39 914
922 273
531 189
998 331
847 687
82 283
251 345
482 755
758 669
97 877
894 140
885 390
703 41
422 499
205 229
599 594
984 959
405 344
645 901
750 319
983 714
717 849
445 311
105 326
417 175
287 625
799 625
861 325
160 372
570 7
304 887
202 348
794 563
481 902
565 133
778 923
851 336
925 210
822 226
860 181
175 680
756 285
769 47
581 24
797 615
910 0
340 287
999 813
108 914
704 963
932 80
902 620
664 163
51 787
210 608
774 547
775 478
700 557
862 948
840 573
609 778
60 650
22 652
721 878
891 797
337 537
322 601
707 904
36 183
544 569
175 910
480 577
527 886
87 722
469 153
935 585
88 995
963 690
972 156
73 923
674 285
764 642
886 572
835 13
813 787
273 337
75 636
4 804
258 805
208 336
842 656
438 791
609 696
958 490
46 800
416 652
984 531
19 390
654 491
875 726
110 214
824 779
311 387
522 788
98 502
966 660
951 767
841 207
143 89
894 56
277 596
438 804
501 44
351 114
414 621
316 374
619 535
317 895
218 345
979 534
856 739
280 369
589 109
851 906
836 846
359 235
831 161
879 827
745 801
321 470
416 54
551 478
654 55
219 737
365 242
451 208
398 943
306 110
892 367
885 159
73 282
639 209
590 235
336 979
564 839
877 35
844 422
794 903
71 769
302 664
661 176
288 753
876 904
900 15
380 615
784 157
505 571
300 960
4 746
187 582
913 730
248 150
766 719
26 206
348 334
516 160
237 326
400 783
857 499
364 0
872 350
37 533
689 203
938 348
171 181
663 572
46 187
332 549
833 650
972 166
674 340
19 672
173 488
689 125
817 913
127 75
313 679
181 979
12 828
562 787
413 83
186 38
630 123
245 491
696 995
952 407
962 440
259 641
249 594
770 983
345 571
784 713
409 784
689 92
205 816
412 623
739 601
936 504
328 60
197 845
102 534
489 39
942 648
503 203
613 401
210 927
733 341
822 202
259 441
412 321
195 645
399 783
428 922
32 618
178 981
925 231
340 720
187 200
371 688
931 393
383 770
324 67
26 126
250 324
130 919
277 342
981 129
852 225
25 880
21 894
580 63
906 746
907 524
81 526
931 439
324 672
145 419
493 279
512 38
453 308
565 163
236 482
552 169
469 785
916 979
818 381
194 738
753 176
585 804
58 209
22 706
796 974
925 993
111 788
689 526
735 856
826 952
312 103
472 116
440 589
591 109
331 892
881 542
976 273
976 86
852 938
691 474
14 698
310 65
25 697
48 580
334 60
39 933
358 362
728 371
494 733
420 439
979 559
998 7
424 270
396 374
924 787
980 529
724 630
298 226
243 724
622 950
125 488
457 634
675 161
669 79
184 34
3 406
534 813
508 105
298 273
916 789
712 788
978 479
316 963
124 958
155 931
89 396
811 424
797 234
868 497
539 210
383 609
692 4
234 880
189 982
435 919
250 427
268 849
245 59
336 438
198 847
800 884
187 393
608 334
471 610
831 459
38 858
694 686
511 130
791 465
508 961
311 869
959 972
535 591
143 452
405 831
503 133
971 692
187 935
788 404
519 747
218 533
460 58
549 500
594 551
685 193
912 381
746 187
89 287
644 622
189 7
879 180
410 764
617 626
781 922
485 781
496 849
16 515
932 965
204 464
89 26
841 220
187 202
535 981
136 610
709 89
12 184
37 588
261 729
786 168
413 799
600 99
373 751
928 318
754 470
678 611
297 56
933 571
471 620
762 757
196 133
264 274
752 51
775 163
984 510
142 898
632 859
468 969
334 699
972 860
337 327
546 313
359 238
990 33
141 252
232 459
334 447
431 920
688 489
412 757
256 949
49 388
488 84
550 914
601 911
578 976
24 552
986 473
158 420
713 458
450 728
590 438
962 829
719 592
507 741
783 305
971 267
66 792
935 894
450 618
169 142
960 864
842 930
418 58
17 248
170 708
3 943
438 514
386 513
281 948
523 931
739 118
841 347
428 834
30 872
265 807
885 207
502 521
720 210
331 936
196 730
725 496
710 939
41 202
737 244
414 500
385 111
424 359
430 91
530 151
674 640
841 978
778 617
472 355
749 74
232 697
907 285
563 318
808 896
948 464
225 189
733 670
11 996
658 596
89 423
730 513
555 377
551 488
868 279
409 462
124 61
307 671
410 735
99 384
323 773
239 459
445 968
810 791
44 568
457 183
868 293
95 800
695 948
957 948
702 89
822 297
435 358
883 80
372 953
377 690
50 309
835 504
601 59
465 965
921 367
660 38
165 77
726 852
383 833
253 74
480 627
199 749
497 566
717 669
647 43
809 719
62 586
198 794
664 635
829 171
75 168
464 785
677 162
194 916
296 237
651 565
915 582
990 668
977 771
765 860
997 4
743 775
693 983
751 263
466 429
563 75
130 881
803 455
243 809
435 975
76 14
950 129
74 83
135 928
376 407
680 239
9 134
729 172
387 288
879 733
610 761
458 49
904 538
71 984
489 958
586 777
135 837
412 996
376 160
840 40
37 922
493 601
57 436
58 710
773 514
61 910
239 23
732 112
530 277
788 748
257 555
374 295
64 952
242 75
