================ ../inputs/input_10_100x100.txt, #Thread: 1 ================
Input filename: ../inputs/input_10_100x100.txt
Number of threads: 1
Number of cities: 10
Map size: 100 x 100
Initialization Time: 0.002200.
2  2  ,2,,3,  3  4508
3  2  ,2,,3,  2  2750
2  2  ,2,,4,  4  9370
4  2  ,2,,4,  2  4957
2  2  ,2,,5,  5  1308
5  2  ,2,,5,  2  1902
2  2  ,2,,6,  6  2220
6  2  ,2,,6,  2  1430
2  2  ,2,,7,  7  10002
7  2  ,2,,7,  2  3869
2  2  ,2,,8,  8  15364
8  2  ,2,,8,  2  7350
2  2  ,2,,9,  9  14220
9  2  ,2,,9,  2  6102
2  2  ,2,,10,  10  6700
10  2  ,2,,10,  2  5150
3  2  ,3,,4,  4  5954
4  2  ,3,,4,  3  3299
3  2  ,3,,5,  5  1494
5  2  ,3,,5,  3  3846
3  2  ,3,,6,  6  5386
6  2  ,3,,6,  3  6354
3  2  ,3,,7,  7  10414
7  2  ,3,,7,  3  6039
3  2  ,3,,8,  8  10854
8  2  ,3,,8,  3  4598
3  2  ,3,,9,  9  11454
9  2  ,3,,9,  3  5094
3  2  ,3,,10,  10  4306
10  2  ,3,,10,  3  4514
4  2  ,4,,5,  5  3219
5  2  ,4,,5,  4  8226
4  2  ,4,,6,  6  8259
6  2  ,4,,6,  4  11882
4  2  ,4,,7,  7  11325
7  2  ,4,,7,  4  9605
4  2  ,4,,8,  8  9583
8  2  ,4,,8,  4  5982
4  2  ,4,,9,  9  10803
9  2  ,4,,9,  4  7098
4  2  ,4,,10,  10  4939
10  2  ,4,,10,  4  7802
5  2  ,5,,6,  6  4030
6  2  ,5,,6,  5  2646
5  2  ,5,,7,  7  12558
7  2  ,5,,7,  5  5831
5  2  ,5,,8,  8  14554
8  2  ,5,,8,  5  5946
5  2  ,5,,9,  9  15146
9  2  ,5,,9,  5  6434
5  2  ,5,,10,  10  3910
10  2  ,5,,10,  5  1766
6  2  ,6,,7,  7  10230
7  2  ,6,,7,  6  4887
6  2  ,6,,8,  8  18102
8  2  ,6,,8,  6  10878
6  2  ,6,,9,  9  15902
9  2  ,6,,9,  6  8574
6  2  ,6,,10,  10  9410
10  2  ,6,,10,  6  8650
7  2  ,7,,8,  8  13339
8  2  ,7,,8,  7  11458
7  2  ,7,,9,  9  10695
9  2  ,7,,9,  7  8710
7  2  ,7,,10,  10  12047
10  2  ,7,,10,  7  16630
8  2  ,8,,9,  9  10082
9  2  ,8,,9,  8  9978
8  2  ,8,,10,  10  7478
10  2  ,8,,10,  8  13942
9  2  ,9,,10,  10  10054
10  2  ,9,,10,  9  16622
2  3  ,2,,3,,4,  4  7196
3  3  ,2,,3,,4,  4  5438
4  3  ,2,,3,,4,  3  3231
2  3  ,2,,3,,5,  5  4688
3  3  ,2,,3,,5,  5  2930
5  3  ,2,,3,,5,  3  3778
2  3  ,2,,3,,6,  6  6724
3  3  ,2,,3,,6,  6  4966
6  3  ,2,,3,,6,  3  6286
2  3  ,2,,3,,7,  7  8848
3  3  ,2,,3,,7,  7  7090
7  3  ,2,,3,,7,  3  5971
2  3  ,2,,3,,8,  8  10888
3  3  ,2,,3,,8,  8  9130
8  3  ,2,,3,,8,  3  4530
2  3  ,2,,3,,9,  9  10136
3  3  ,2,,3,,9,  9  8378
9  3  ,2,,3,,9,  3  5026
2  3  ,2,,3,,10,  10  8604
3  3  ,2,,3,,10,  10  6846
10  3  ,2,,3,,10,  3  4446
2  3  ,2,,4,,5,  5  9068
4  3  ,2,,4,,5,  5  4655
5  3  ,2,,4,,5,  4  7710
2  3  ,2,,4,,6,  6  12252
4  3  ,2,,4,,6,  6  7839
6  3  ,2,,4,,6,  4  11366
2  3  ,2,,4,,7,  7  12414
4  3  ,2,,4,,7,  7  8001
7  3  ,2,,4,,7,  4  9089
2  3  ,2,,4,,8,  8  12272
4  3  ,2,,4,,8,  8  7859
8  3  ,2,,4,,8,  4  5466
2  3  ,2,,4,,9,  9  12140
4  3  ,2,,4,,9,  9  7727
9  3  ,2,,4,,9,  4  6582
2  3  ,2,,4,,10,  10  11892
4  3  ,2,,4,,10,  10  7479
10  3  ,2,,4,,10,  4  7286
2  3  ,2,,5,,6,  6  3016
5  3  ,2,,5,,6,  6  3610
6  3  ,2,,5,,6,  5  4082
2  3  ,2,,5,,7,  7  8640
5  3  ,2,,5,,7,  7  9234
7  3  ,2,,5,,7,  5  7267
2  3  ,2,,5,,8,  8  12236
5  3  ,2,,5,,8,  8  12830
8  3  ,2,,5,,8,  5  7382
2  3  ,2,,5,,9,  9  11476
5  3  ,2,,5,,9,  9  12070
9  3  ,2,,5,,9,  5  7870
2  3  ,2,,5,,10,  10  5856
5  3  ,2,,5,,10,  10  6450
10  3  ,2,,5,,10,  5  3202
2  3  ,2,,6,,7,  7  7696
6  3  ,2,,6,,7,  7  6906
7  3  ,2,,6,,7,  6  4467
2  3  ,2,,6,,8,  8  17168
6  3  ,2,,6,,8,  8  16378
8  3  ,2,,6,,8,  6  10458
2  3  ,2,,6,,9,  9  13616
6  3  ,2,,6,,9,  9  12826
9  3  ,2,,6,,9,  6  8154
2  3  ,2,,6,,10,  10  12740
6  3  ,2,,6,,10,  10  11950
10  3  ,2,,6,,10,  6  8230
2  3  ,2,,7,,8,  8  17748
7  3  ,2,,7,,8,  8  11615
8  3  ,2,,7,,8,  7  8134
2  3  ,2,,7,,9,  9  13752
7  3  ,2,,7,,9,  9  7619
9  3  ,2,,7,,9,  7  5386
2  3  ,2,,7,,10,  10  20720
7  3  ,2,,7,,10,  10  14587
10  3  ,2,,7,,10,  7  13306
2  3  ,2,,8,,9,  9  15020
8  3  ,2,,8,,9,  9  7006
9  3  ,2,,8,,9,  8  8254
2  3  ,2,,8,,10,  10  18032
8  3  ,2,,8,,10,  10  10018
10  3  ,2,,8,,10,  8  12218
2  3  ,2,,9,,10,  10  20712
9  3  ,2,,9,,10,  10  12594
10  3  ,2,,9,,10,  9  13546
3  3  ,3,,4,,5,  5  9254
4  3  ,3,,4,,5,  5  6599
5  3  ,3,,4,,5,  4  6052
3  3  ,3,,4,,6,  6  15418
4  3  ,3,,4,,6,  6  12763
6  3  ,3,,4,,6,  4  9708
3  3  ,3,,4,,7,  7  12826
4  3  ,3,,4,,7,  7  10171
7  3  ,3,,4,,7,  4  7431
3  3  ,3,,4,,8,  8  7762
4  3  ,3,,4,,8,  8  5107
8  3  ,3,,4,,8,  4  3808
3  3  ,3,,4,,9,  9  9374
4  3  ,3,,4,,9,  9  6719
9  3  ,3,,4,,9,  4  4924
3  3  ,3,,4,,10,  10  9498
4  3  ,3,,4,,10,  10  6843
10  3  ,3,,4,,10,  4  5628
3  3  ,3,,5,,6,  6  6182
5  3  ,3,,5,,6,  6  8534
6  3  ,3,,5,,6,  5  6026
3  3  ,3,,5,,7,  7  9052
5  3  ,3,,5,,7,  7  11404
7  3  ,3,,5,,7,  5  9211
3  3  ,3,,5,,8,  8  7726
5  3  ,3,,5,,8,  8  10078
8  3  ,3,,5,,8,  5  9326
3  3  ,3,,5,,9,  9  8710
5  3  ,3,,5,,9,  9  11062
9  3  ,3,,5,,9,  5  9814
3  3  ,3,,5,,10,  10  3462
5  3  ,3,,5,,10,  10  5814
10  3  ,3,,5,,10,  5  5146
3  3  ,3,,6,,7,  7  8108
6  3  ,3,,6,,7,  7  9076
7  3  ,3,,6,,7,  6  9391
3  3  ,3,,6,,8,  8  12658
6  3  ,3,,6,,8,  8  13626
8  3  ,3,,6,,8,  6  15382
3  3  ,3,,6,,9,  9  10850
6  3  ,3,,6,,9,  9  11818
9  3  ,3,,6,,9,  6  13078
3  3  ,3,,6,,10,  10  10346
6  3  ,3,,6,,10,  10  11314
10  3  ,3,,6,,10,  6  13154
3  3  ,3,,7,,8,  8  13238
7  3  ,3,,7,,8,  8  8863
8  3  ,3,,7,,8,  7  10304
3  3  ,3,,7,,9,  9  10986
7  3  ,3,,7,,9,  9  6611
9  3  ,3,,7,,9,  7  7556
3  3  ,3,,7,,10,  10  18326
7  3  ,3,,7,,10,  10  13951
10  3  ,3,,7,,10,  7  15476
3  3  ,3,,8,,9,  9  12254
8  3  ,3,,8,,9,  9  5998
9  3  ,3,,8,,9,  8  5502
3  3  ,3,,8,,10,  10  15638
8  3  ,3,,8,,10,  10  9382
10  3  ,3,,8,,10,  8  9466
3  3  ,3,,9,,10,  10  18318
9  3  ,3,,9,,10,  10  11958
10  3  ,3,,9,,10,  9  12538
4  3  ,4,,5,,6,  6  9055
5  3  ,4,,5,,6,  6  14062
6  3  ,4,,5,,6,  5  10406
4  3  ,4,,5,,7,  7  9963
5  3  ,4,,5,,7,  7  14970
7  3  ,4,,5,,7,  5  13591
4  3  ,4,,5,,8,  8  6455
5  3  ,4,,5,,8,  8  11462
8  3  ,4,,5,,8,  5  13706
4  3  ,4,,5,,9,  9  8059
5  3  ,4,,5,,9,  9  13066
9  3  ,4,,5,,9,  5  14194
4  3  ,4,,5,,10,  10  4095
5  3  ,4,,5,,10,  10  9102
10  3  ,4,,5,,10,  5  9526
4  3  ,4,,6,,7,  7  9019
6  3  ,4,,6,,7,  7  12642
7  3  ,4,,6,,7,  6  14919
4  3  ,4,,6,,8,  8  11387
6  3  ,4,,6,,8,  8  15010
8  3  ,4,,6,,8,  6  20910
4  3  ,4,,6,,9,  9  10199
6  3  ,4,,6,,9,  9  13822
9  3  ,4,,6,,9,  6  18606
4  3  ,4,,6,,10,  10  10979
6  3  ,4,,6,,10,  10  14602
10  3  ,4,,6,,10,  6  18682
4  3  ,4,,7,,8,  8  11967
7  3  ,4,,7,,8,  8  10247
8  3  ,4,,7,,8,  7  13870
4  3  ,4,,7,,9,  9  10335
7  3  ,4,,7,,9,  9  8615
9  3  ,4,,7,,9,  7  11122
4  3  ,4,,7,,10,  10  18959
7  3  ,4,,7,,10,  10  17239
10  3  ,4,,7,,10,  7  19042
4  3  ,4,,8,,9,  9  11603
8  3  ,4,,8,,9,  9  8002
9  3  ,4,,8,,9,  8  6886
4  3  ,4,,8,,10,  10  16271
8  3  ,4,,8,,10,  10  12670
10  3  ,4,,8,,10,  8  10850
4  3  ,4,,9,,10,  10  18951
9  3  ,4,,9,,10,  10  15246
10  3  ,4,,9,,10,  9  14542
5  3  ,5,,6,,7,  7  10252
6  3  ,5,,6,,7,  7  8868
7  3  ,5,,6,,7,  6  5683
5  3  ,5,,6,,8,  8  16358
6  3  ,5,,6,,8,  8  14974
8  3  ,5,,6,,8,  6  11674
5  3  ,5,,6,,9,  9  14542
6  3  ,5,,6,,9,  9  13158
9  3  ,5,,6,,9,  6  9370
5  3  ,5,,6,,10,  10  9950
6  3  ,5,,6,,10,  10  8566
10  3  ,5,,6,,10,  6  9446
5  3  ,5,,7,,8,  8  16938
7  3  ,5,,7,,8,  8  10211
8  3  ,5,,7,,8,  7  10096
5  3  ,5,,7,,9,  9  14678
7  3  ,5,,7,,9,  9  7951
9  3  ,5,,7,,9,  7  7348
5  3  ,5,,7,,10,  10  17930
7  3  ,5,,7,,10,  10  11203
10  3  ,5,,7,,10,  7  15268
5  3  ,5,,8,,9,  9  15946
8  3  ,5,,8,,9,  9  7338
9  3  ,5,,8,,9,  8  6850
5  3  ,5,,8,,10,  10  15242
8  3  ,5,,8,,10,  10  6634
10  3  ,5,,8,,10,  8  10814
5  3  ,5,,9,,10,  10  17922
9  3  ,5,,9,,10,  10  9210
10  3  ,5,,9,,10,  9  13878
6  3  ,6,,7,,8,  8  20486
7  3  ,6,,7,,8,  8  15143
8  3  ,6,,7,,8,  7  9152
6  3  ,6,,7,,9,  9  15434
7  3  ,6,,7,,9,  9  10091
9  3  ,6,,7,,9,  7  6404
6  3  ,6,,7,,10,  10  23430
7  3  ,6,,7,,10,  10  18087
10  3  ,6,,7,,10,  7  14324
6  3  ,6,,8,,9,  9  16702
8  3  ,6,,8,,9,  9  9478
9  3  ,6,,8,,9,  8  11782
6  3  ,6,,8,,10,  10  20742
8  3  ,6,,8,,10,  10  13518
10  3  ,6,,8,,10,  8  15746
6  3  ,6,,9,,10,  10  23422
9  3  ,6,,9,,10,  10  16094
10  3  ,6,,9,,10,  9  16018
7  3  ,7,,8,,9,  9  11495
8  3  ,7,,8,,9,  9  9614
9  3  ,7,,8,,9,  8  12362
7  3  ,7,,8,,10,  10  23379
8  3  ,7,,8,,10,  10  21498
10  3  ,7,,8,,10,  8  16326
7  3  ,7,,9,,10,  10  26059
9  3  ,7,,9,,10,  10  24074
10  3  ,7,,9,,10,  9  16154
8  3  ,8,,9,,10,  10  21490
9  3  ,8,,9,,10,  10  21386
10  3  ,8,,9,,10,  9  17422
2  4  ,2,,3,,4,,5,  5  6894
3  4  ,2,,3,,4,,5,  5  8738
4  4  ,2,,3,,4,,5,  5  6531
5  4  ,2,,3,,4,,5,  4  5984
2  4  ,2,,3,,4,,6,  6  10078
3  4  ,2,,3,,4,,6,  6  14902
4  4  ,2,,3,,4,,6,  6  12695
6  4  ,2,,3,,4,,6,  4  9640
2  4  ,2,,3,,4,,7,  7  10240
3  4  ,2,,3,,4,,7,  7  12310
4  4  ,2,,3,,4,,7,  7  10103
7  4  ,2,,3,,4,,7,  4  7363
2  4  ,2,,3,,4,,8,  8  10098
3  4  ,2,,3,,4,,8,  8  7246
4  4  ,2,,3,,4,,8,  8  5039
8  4  ,2,,3,,4,,8,  4  3740
2  4  ,2,,3,,4,,9,  9  9966
3  4  ,2,,3,,4,,9,  9  8858
4  4  ,2,,3,,4,,9,  9  6651
9  4  ,2,,3,,4,,9,  4  4856
2  4  ,2,,3,,4,,10,  10  9718
3  4  ,2,,3,,4,,10,  10  8982
4  4  ,2,,3,,4,,10,  10  6775
10  4  ,2,,3,,4,,10,  4  5560
2  4  ,2,,3,,5,,6,  6  6396
3  4  ,2,,3,,5,,6,  6  7618
5  4  ,2,,3,,5,,6,  6  8466
6  4  ,2,,3,,5,,6,  5  5958
2  4  ,2,,3,,5,,7,  7  12020
3  4  ,2,,3,,5,,7,  7  10488
5  4  ,2,,3,,5,,7,  7  11336
7  4  ,2,,3,,5,,7,  5  9143
2  4  ,2,,3,,5,,8,  8  15616
3  4  ,2,,3,,5,,8,  8  9162
5  4  ,2,,3,,5,,8,  8  10010
8  4  ,2,,3,,5,,8,  5  9258
2  4  ,2,,3,,5,,9,  9  14856
3  4  ,2,,3,,5,,9,  9  10146
5  4  ,2,,3,,5,,9,  9  10994
9  4  ,2,,3,,5,,9,  5  9746
2  4  ,2,,3,,5,,10,  10  9236
3  4  ,2,,3,,5,,10,  10  4898
5  4  ,2,,3,,5,,10,  10  5746
10  4  ,2,,3,,5,,10,  5  5078
2  4  ,2,,3,,6,,7,  7  12200
3  4  ,2,,3,,6,,7,  7  7688
6  4  ,2,,3,,6,,7,  7  9008
7  4  ,2,,3,,6,,7,  6  9323
2  4  ,2,,3,,6,,8,  8  21672
3  4  ,2,,3,,6,,8,  8  12238
6  4  ,2,,3,,6,,8,  8  13558
8  4  ,2,,3,,6,,8,  6  15314
2  4  ,2,,3,,6,,9,  9  18120
3  4  ,2,,3,,6,,9,  9  10430
6  4  ,2,,3,,6,,9,  9  11750
9  4  ,2,,3,,6,,9,  6  13010
2  4  ,2,,3,,6,,10,  10  17244
3  4  ,2,,3,,6,,10,  10  9926
6  4  ,2,,3,,6,,10,  10  11246
10  4  ,2,,3,,6,,10,  6  13086
2  4  ,2,,3,,7,,8,  8  16594
3  4  ,2,,3,,7,,8,  8  9914
7  4  ,2,,3,,7,,8,  8  8795
8  4  ,2,,3,,7,,8,  7  10236
2  4  ,2,,3,,7,,9,  9  12598
3  4  ,2,,3,,7,,9,  9  7662
7  4  ,2,,3,,7,,9,  9  6543
9  4  ,2,,3,,7,,9,  7  7488
2  4  ,2,,3,,7,,10,  10  19566
3  4  ,2,,3,,7,,10,  10  15002
7  4  ,2,,3,,7,,10,  10  13883
10  4  ,2,,3,,7,,10,  7  15408
2  4  ,2,,3,,8,,9,  9  10544
3  4  ,2,,3,,8,,9,  9  10530
8  4  ,2,,3,,8,,9,  9  5930
9  4  ,2,,3,,8,,9,  8  5434
2  4  ,2,,3,,8,,10,  10  13556
3  4  ,2,,3,,8,,10,  10  13914
8  4  ,2,,3,,8,,10,  10  9314
10  4  ,2,,3,,8,,10,  8  9398
2  4  ,2,,3,,9,,10,  10  16628
3  4  ,2,,3,,9,,10,  10  15242
9  4  ,2,,3,,9,,10,  10  11890
10  4  ,2,,3,,9,,10,  9  12470
2  4  ,2,,4,,5,,6,  6  10776
4  4  ,2,,4,,5,,6,  6  10491
5  4  ,2,,4,,5,,6,  6  13546
6  4  ,2,,4,,5,,6,  5  9890
2  4  ,2,,4,,5,,7,  7  16400
4  4  ,2,,4,,5,,7,  7  11399
5  4  ,2,,4,,5,,7,  7  14454
7  4  ,2,,4,,5,,7,  5  13075
2  4  ,2,,4,,5,,8,  8  19996
4  4  ,2,,4,,5,,8,  8  7891
5  4  ,2,,4,,5,,8,  8  10946
8  4  ,2,,4,,5,,8,  5  13190
2  4  ,2,,4,,5,,9,  9  19236
4  4  ,2,,4,,5,,9,  9  9495
5  4  ,2,,4,,5,,9,  9  12550
9  4  ,2,,4,,5,,9,  5  13678
2  4  ,2,,4,,5,,10,  10  13616
4  4  ,2,,4,,5,,10,  10  5531
5  4  ,2,,4,,5,,10,  10  8586
10  4  ,2,,4,,5,,10,  5  9010
2  4  ,2,,4,,6,,7,  7  17728
4  4  ,2,,4,,6,,7,  7  8599
6  4  ,2,,4,,6,,7,  7  12126
7  4  ,2,,4,,6,,7,  6  14403
2  4  ,2,,4,,6,,8,  8  27200
4  4  ,2,,4,,6,,8,  8  10967
6  4  ,2,,4,,6,,8,  8  14494
8  4  ,2,,4,,6,,8,  6  20394
2  4  ,2,,4,,6,,9,  9  23648
4  4  ,2,,4,,6,,9,  9  9779
6  4  ,2,,4,,6,,9,  9  13306
9  4  ,2,,4,,6,,9,  6  18090
2  4  ,2,,4,,6,,10,  10  22772
4  4  ,2,,4,,6,,10,  10  10559
6  4  ,2,,4,,6,,10,  10  14086
10  4  ,2,,4,,6,,10,  6  18166
2  4  ,2,,4,,7,,8,  8  20160
4  4  ,2,,4,,7,,8,  8  8643
7  4  ,2,,4,,7,,8,  8  9731
8  4  ,2,,4,,7,,8,  7  13354
2  4  ,2,,4,,7,,9,  9  16164
4  4  ,2,,4,,7,,9,  9  7011
7  4  ,2,,4,,7,,9,  9  8099
9  4  ,2,,4,,7,,9,  7  10606
2  4  ,2,,4,,7,,10,  10  23132
4  4  ,2,,4,,7,,10,  10  15635
7  4  ,2,,4,,7,,10,  10  16723
10  4  ,2,,4,,7,,10,  7  18526
2  4  ,2,,4,,8,,9,  9  11928
4  4  ,2,,4,,8,,9,  9  9879
8  4  ,2,,4,,8,,9,  9  7486
9  4  ,2,,4,,8,,9,  8  6370
2  4  ,2,,4,,8,,10,  10  14940
4  4  ,2,,4,,8,,10,  10  14547
8  4  ,2,,4,,8,,10,  10  12154
10  4  ,2,,4,,8,,10,  8  10334
2  4  ,2,,4,,9,,10,  10  18632
4  4  ,2,,4,,9,,10,  10  15875
9  4  ,2,,4,,9,,10,  10  14730
10  4  ,2,,4,,9,,10,  9  14026
2  4  ,2,,5,,6,,7,  7  8492
5  4  ,2,,5,,6,,7,  7  9832
6  4  ,2,,5,,6,,7,  7  10304
7  4  ,2,,5,,6,,7,  6  7119
2  4  ,2,,5,,6,,8,  8  17964
5  4  ,2,,5,,6,,8,  8  15938
6  4  ,2,,5,,6,,8,  8  16410
8  4  ,2,,5,,6,,8,  6  13110
2  4  ,2,,5,,6,,9,  9  14412
5  4  ,2,,5,,6,,9,  9  14122
6  4  ,2,,5,,6,,9,  9  14594
9  4  ,2,,5,,6,,9,  6  10806
2  4  ,2,,5,,6,,10,  10  13536
5  4  ,2,,5,,6,,10,  10  9530
6  4  ,2,,5,,6,,10,  10  10002
10  4  ,2,,5,,6,,10,  6  10882
2  4  ,2,,5,,7,,8,  8  16386
5  4  ,2,,5,,7,,8,  8  13614
7  4  ,2,,5,,7,,8,  8  11647
8  4  ,2,,5,,7,,8,  7  11532
2  4  ,2,,5,,7,,9,  9  12390
5  4  ,2,,5,,7,,9,  9  11354
7  4  ,2,,5,,7,,9,  9  9387
9  4  ,2,,5,,7,,9,  7  8784
2  4  ,2,,5,,7,,10,  10  19358
5  4  ,2,,5,,7,,10,  10  14606
7  4  ,2,,5,,7,,10,  10  12639
10  4  ,2,,5,,7,,10,  7  16704
2  4  ,2,,5,,8,,9,  9  11892
5  4  ,2,,5,,8,,9,  9  14222
8  4  ,2,,5,,8,,9,  9  8774
9  4  ,2,,5,,8,,9,  8  8286
2  4  ,2,,5,,8,,10,  10  14904
5  4  ,2,,5,,8,,10,  10  13518
8  4  ,2,,5,,8,,10,  10  8070
10  4  ,2,,5,,8,,10,  8  12250
2  4  ,2,,5,,9,,10,  10  17968
5  4  ,2,,5,,9,,10,  10  14846
9  4  ,2,,5,,9,,10,  10  10646
10  4  ,2,,5,,9,,10,  9  15314
2  4  ,2,,6,,7,,8,  8  15442
6  4  ,2,,6,,7,,8,  8  17162
7  4  ,2,,6,,7,,8,  8  14723
8  4  ,2,,6,,7,,8,  7  8732
2  4  ,2,,6,,7,,9,  9  11446
6  4  ,2,,6,,7,,9,  9  12110
7  4  ,2,,6,,7,,9,  9  9671
9  4  ,2,,6,,7,,9,  7  5984
2  4  ,2,,6,,7,,10,  10  18414
6  4  ,2,,6,,7,,10,  10  20106
7  4  ,2,,6,,7,,10,  10  17667
10  4  ,2,,6,,7,,10,  7  13904
2  4  ,2,,6,,8,,9,  9  16824
6  4  ,2,,6,,8,,9,  9  14978
8  4  ,2,,6,,8,,9,  9  9058
9  4  ,2,,6,,8,,9,  8  11362
2  4  ,2,,6,,8,,10,  10  19836
6  4  ,2,,6,,8,,10,  10  19018
8  4  ,2,,6,,8,,10,  10  13098
10  4  ,2,,6,,8,,10,  8  15326
2  4  ,2,,6,,9,,10,  10  20108
6  4  ,2,,6,,9,,10,  10  20346
9  4  ,2,,6,,9,,10,  10  15674
10  4  ,2,,6,,9,,10,  9  15598
2  4  ,2,,7,,8,,9,  9  17404
7  4  ,2,,7,,8,,9,  9  9771
8  4  ,2,,7,,8,,9,  9  6290
9  4  ,2,,7,,8,,9,  8  9038
2  4  ,2,,7,,8,,10,  10  20416
7  4  ,2,,7,,8,,10,  10  21655
8  4  ,2,,7,,8,,10,  10  18174
10  4  ,2,,7,,8,,10,  8  13002
2  4  ,2,,7,,9,,10,  10  20244
7  4  ,2,,7,,9,,10,  10  22983
9  4  ,2,,7,,9,,10,  10  20750
10  4  ,2,,7,,9,,10,  9  12830
2  4  ,2,,8,,9,,10,  10  21512
8  4  ,2,,8,,9,,10,  10  18414
9  4  ,2,,8,,9,,10,  10  19662
10  4  ,2,,8,,9,,10,  9  15698
3  4  ,3,,4,,5,,6,  6  13942
4  4  ,3,,4,,5,,6,  6  12435
5  4  ,3,,4,,5,,6,  6  11888
6  4  ,3,,4,,5,,6,  5  8232
3  4  ,3,,4,,5,,7,  7  16812
4  4  ,3,,4,,5,,7,  7  13343
5  4  ,3,,4,,5,,7,  7  12796
7  4  ,3,,4,,5,,7,  5  11417
3  4  ,3,,4,,5,,8,  8  15486
4  4  ,3,,4,,5,,8,  8  9835
5  4  ,3,,4,,5,,8,  8  9288
8  4  ,3,,4,,5,,8,  5  11532
3  4  ,3,,4,,5,,9,  9  16470
4  4  ,3,,4,,5,,9,  9  11439
5  4  ,3,,4,,5,,9,  9  10892
9  4  ,3,,4,,5,,9,  5  12020
3  4  ,3,,4,,5,,10,  10  11222
4  4  ,3,,4,,5,,10,  10  7475
5  4  ,3,,4,,5,,10,  10  6928
10  4  ,3,,4,,5,,10,  5  7352
3  4  ,3,,4,,6,,7,  7  18140
4  4  ,3,,4,,6,,7,  7  13523
6  4  ,3,,4,,6,,7,  7  10468
7  4  ,3,,4,,6,,7,  6  12745
3  4  ,3,,4,,6,,8,  8  22690
4  4  ,3,,4,,6,,8,  8  15891
6  4  ,3,,4,,6,,8,  8  12836
8  4  ,3,,4,,6,,8,  6  18736
3  4  ,3,,4,,6,,9,  9  20882
4  4  ,3,,4,,6,,9,  9  14703
6  4  ,3,,4,,6,,9,  9  11648
9  4  ,3,,4,,6,,9,  6  16432
3  4  ,3,,4,,6,,10,  10  20378
4  4  ,3,,4,,6,,10,  10  15483
6  4  ,3,,4,,6,,10,  10  12428
10  4  ,3,,4,,6,,10,  6  16508
3  4  ,3,,4,,7,,8,  8  15650
4  4  ,3,,4,,7,,8,  8  10813
7  4  ,3,,4,,7,,8,  8  8073
8  4  ,3,,4,,7,,8,  7  11696
3  4  ,3,,4,,7,,9,  9  13398
4  4  ,3,,4,,7,,9,  9  9181
7  4  ,3,,4,,7,,9,  9  6441
9  4  ,3,,4,,7,,9,  7  8948
3  4  ,3,,4,,7,,10,  10  20738
4  4  ,3,,4,,7,,10,  10  17805
7  4  ,3,,4,,7,,10,  10  15065
10  4  ,3,,4,,7,,10,  7  16868
3  4  ,3,,4,,8,,9,  9  9162
4  4  ,3,,4,,8,,9,  9  7127
8  4  ,3,,4,,8,,9,  9  5828
9  4  ,3,,4,,8,,9,  8  4712
3  4  ,3,,4,,8,,10,  10  12546
4  4  ,3,,4,,8,,10,  10  11795
8  4  ,3,,4,,8,,10,  10  10496
10  4  ,3,,4,,8,,10,  8  8676
3  4  ,3,,4,,9,,10,  10  16238
4  4  ,3,,4,,9,,10,  10  14867
9  4  ,3,,4,,9,,10,  10  13072
10  4  ,3,,4,,9,,10,  9  12368
3  4  ,3,,5,,6,,7,  7  8904
5  4  ,3,,5,,6,,7,  7  14756
6  4  ,3,,5,,6,,7,  7  12248
7  4  ,3,,5,,6,,7,  6  9063
3  4  ,3,,5,,6,,8,  8  13454
5  4  ,3,,5,,6,,8,  8  20862
6  4  ,3,,5,,6,,8,  8  18354
8  4  ,3,,5,,6,,8,  6  15054
3  4  ,3,,5,,6,,9,  9  11646
5  4  ,3,,5,,6,,9,  9  19046
6  4  ,3,,5,,6,,9,  9  16538
9  4  ,3,,5,,6,,9,  6  12750
3  4  ,3,,5,,6,,10,  10  11142
5  4  ,3,,5,,6,,10,  10  14454
6  4  ,3,,5,,6,,10,  10  11946
10  4  ,3,,5,,6,,10,  6  12826
3  4  ,3,,5,,7,,8,  8  11876
5  4  ,3,,5,,7,,8,  8  15784
7  4  ,3,,5,,7,,8,  8  13591
8  4  ,3,,5,,7,,8,  7  13476
3  4  ,3,,5,,7,,9,  9  9624
5  4  ,3,,5,,7,,9,  9  13524
7  4  ,3,,5,,7,,9,  9  11331
9  4  ,3,,5,,7,,9,  7  10728
3  4  ,3,,5,,7,,10,  10  16964
5  4  ,3,,5,,7,,10,  10  16776
7  4  ,3,,5,,7,,10,  10  14583
10  4  ,3,,5,,7,,10,  7  18648
3  4  ,3,,5,,8,,9,  9  9126
5  4  ,3,,5,,8,,9,  9  11470
8  4  ,3,,5,,8,,9,  9  10718
9  4  ,3,,5,,8,,9,  8  10230
3  4  ,3,,5,,8,,10,  10  12510
5  4  ,3,,5,,8,,10,  10  10766
8  4  ,3,,5,,8,,10,  10  10014
10  4  ,3,,5,,8,,10,  8  14194
3  4  ,3,,5,,9,,10,  10  15574
5  4  ,3,,5,,9,,10,  10  13838
9  4  ,3,,5,,9,,10,  10  12590
10  4  ,3,,5,,9,,10,  9  17258
3  4  ,3,,6,,7,,8,  8  10932
6  4  ,3,,6,,7,,8,  8  19332
7  4  ,3,,6,,7,,8,  8  19647
8  4  ,3,,6,,7,,8,  7  13656
3  4  ,3,,6,,7,,9,  9  8680
6  4  ,3,,6,,7,,9,  9  14280
7  4  ,3,,6,,7,,9,  9  14595
9  4  ,3,,6,,7,,9,  7  10908
3  4  ,3,,6,,7,,10,  10  16020
6  4  ,3,,6,,7,,10,  10  22276
7  4  ,3,,6,,7,,10,  10  22591
10  4  ,3,,6,,7,,10,  7  18828
3  4  ,3,,6,,8,,9,  9  14058
6  4  ,3,,6,,8,,9,  9  12226
8  4  ,3,,6,,8,,9,  9  13982
9  4  ,3,,6,,8,,9,  8  16286
3  4  ,3,,6,,8,,10,  10  17442
6  4  ,3,,6,,8,,10,  10  16266
8  4  ,3,,6,,8,,10,  10  18022
10  4  ,3,,6,,8,,10,  8  20250
3  4  ,3,,6,,9,,10,  10  17714
6  4  ,3,,6,,9,,10,  10  19338
9  4  ,3,,6,,9,,10,  10  20598
10  4  ,3,,6,,9,,10,  9  20522
3  4  ,3,,7,,8,,9,  9  14638
7  4  ,3,,7,,8,,9,  9  7019
8  4  ,3,,7,,8,,9,  9  8460
9  4  ,3,,7,,8,,9,  8  11208
3  4  ,3,,7,,8,,10,  10  18022
7  4  ,3,,7,,8,,10,  10  18903
8  4  ,3,,7,,8,,10,  10  20344
10  4  ,3,,7,,8,,10,  8  15172
3  4  ,3,,7,,9,,10,  10  17850
7  4  ,3,,7,,9,,10,  10  21975
9  4  ,3,,7,,9,,10,  10  22920
10  4  ,3,,7,,9,,10,  9  15000
3  4  ,3,,8,,9,,10,  10  19118
8  4  ,3,,8,,9,,10,  10  17406
9  4  ,3,,8,,9,,10,  10  16910
10  4  ,3,,8,,9,,10,  9  12946
4  4  ,4,,5,,6,,7,  7  9815
5  4  ,4,,5,,6,,7,  7  20284
6  4  ,4,,5,,6,,7,  7  16628
7  4  ,4,,5,,6,,7,  6  13443
4  4  ,4,,5,,6,,8,  8  12183
5  4  ,4,,5,,6,,8,  8  26390
6  4  ,4,,5,,6,,8,  8  22734
8  4  ,4,,5,,6,,8,  6  19434
4  4  ,4,,5,,6,,9,  9  10995
5  4  ,4,,5,,6,,9,  9  24574
6  4  ,4,,5,,6,,9,  9  20918
9  4  ,4,,5,,6,,9,  6  17130
4  4  ,4,,5,,6,,10,  10  11775
5  4  ,4,,5,,6,,10,  10  19982
6  4  ,4,,5,,6,,10,  10  16326
10  4  ,4,,5,,6,,10,  6  17206
4  4  ,4,,5,,7,,8,  8  10605
5  4  ,4,,5,,7,,8,  8  19350
7  4  ,4,,5,,7,,8,  8  17971
8  4  ,4,,5,,7,,8,  7  17856
4  4  ,4,,5,,7,,9,  9  8973
5  4  ,4,,5,,7,,9,  9  17090
7  4  ,4,,5,,7,,9,  9  15711
9  4  ,4,,5,,7,,9,  7  15108
4  4  ,4,,5,,7,,10,  10  17597
5  4  ,4,,5,,7,,10,  10  20342
7  4  ,4,,5,,7,,10,  10  18963
10  4  ,4,,5,,7,,10,  7  23028
4  4  ,4,,5,,8,,9,  9  8475
5  4  ,4,,5,,8,,9,  9  12854
8  4  ,4,,5,,8,,9,  9  15098
9  4  ,4,,5,,8,,9,  8  14610
4  4  ,4,,5,,8,,10,  10  13143
5  4  ,4,,5,,8,,10,  10  12150
8  4  ,4,,5,,8,,10,  10  14394
10  4  ,4,,5,,8,,10,  8  18574
4  4  ,4,,5,,9,,10,  10  16207
5  4  ,4,,5,,9,,10,  10  15842
9  4  ,4,,5,,9,,10,  10  16970
10  4  ,4,,5,,9,,10,  9  21638
4  4  ,4,,6,,7,,8,  8  9661
6  4  ,4,,6,,7,,8,  8  22898
7  4  ,4,,6,,7,,8,  8  25175
8  4  ,4,,6,,7,,8,  7  19184
4  4  ,4,,6,,7,,9,  9  8029
6  4  ,4,,6,,7,,9,  9  17846
7  4  ,4,,6,,7,,9,  9  20123
9  4  ,4,,6,,7,,9,  7  16436
4  4  ,4,,6,,7,,10,  10  16653
6  4  ,4,,6,,7,,10,  10  25842
7  4  ,4,,6,,7,,10,  10  28119
10  4  ,4,,6,,7,,10,  7  24356
4  4  ,4,,6,,8,,9,  9  13407
6  4  ,4,,6,,8,,9,  9  13610
8  4  ,4,,6,,8,,9,  9  19510
9  4  ,4,,6,,8,,9,  8  21814
4  4  ,4,,6,,8,,10,  10  18075
6  4  ,4,,6,,8,,10,  10  17650
8  4  ,4,,6,,8,,10,  10  23550
10  4  ,4,,6,,8,,10,  8  25778
4  4  ,4,,6,,9,,10,  10  18347
6  4  ,4,,6,,9,,10,  10  21342
9  4  ,4,,6,,9,,10,  10  26126
10  4  ,4,,6,,9,,10,  9  26050
4  4  ,4,,7,,8,,9,  9  13987
7  4  ,4,,7,,8,,9,  9  8403
8  4  ,4,,7,,8,,9,  9  12026
9  4  ,4,,7,,8,,9,  8  14774
4  4  ,4,,7,,8,,10,  10  18655
7  4  ,4,,7,,8,,10,  10  20287
8  4  ,4,,7,,8,,10,  10  23910
10  4  ,4,,7,,8,,10,  8  18738
4  4  ,4,,7,,9,,10,  10  18483
7  4  ,4,,7,,9,,10,  10  23979
9  4  ,4,,7,,9,,10,  10  26486
10  4  ,4,,7,,9,,10,  9  18566
4  4  ,4,,8,,9,,10,  10  19751
8  4  ,4,,8,,9,,10,  10  19410
9  4  ,4,,8,,9,,10,  10  18294
10  4  ,4,,8,,9,,10,  9  14330
5  4  ,5,,6,,7,,8,  8  14632
6  4  ,5,,6,,7,,8,  8  19124
7  4  ,5,,6,,7,,8,  8  15939
8  4  ,5,,6,,7,,8,  7  9948
5  4  ,5,,6,,7,,9,  9  12372
6  4  ,5,,6,,7,,9,  9  14072
7  4  ,5,,6,,7,,9,  9  10887
9  4  ,5,,6,,7,,9,  7  7200
5  4  ,5,,6,,7,,10,  10  15624
6  4  ,5,,6,,7,,10,  10  22068
7  4  ,5,,6,,7,,10,  10  18883
10  4  ,5,,6,,7,,10,  7  15120
5  4  ,5,,6,,8,,9,  9  17750
6  4  ,5,,6,,8,,9,  9  13574
8  4  ,5,,6,,8,,9,  9  10274
9  4  ,5,,6,,8,,9,  8  12578
5  4  ,5,,6,,8,,10,  10  17046
6  4  ,5,,6,,8,,10,  10  17614
8  4  ,5,,6,,8,,10,  10  14314
10  4  ,5,,6,,8,,10,  8  16542
5  4  ,5,,6,,9,,10,  10  17318
6  4  ,5,,6,,9,,10,  10  20678
9  4  ,5,,6,,9,,10,  10  16890
10  4  ,5,,6,,9,,10,  9  16814
5  4  ,5,,7,,8,,9,  9  18330
7  4  ,5,,7,,8,,9,  9  8367
8  4  ,5,,7,,8,,9,  9  8252
9  4  ,5,,7,,8,,9,  8  11000
5  4  ,5,,7,,8,,10,  10  17626
7  4  ,5,,7,,8,,10,  10  20251
8  4  ,5,,7,,8,,10,  10  20136
10  4  ,5,,7,,8,,10,  8  14964
5  4  ,5,,7,,9,,10,  10  17454
7  4  ,5,,7,,9,,10,  10  23315
9  4  ,5,,7,,9,,10,  10  22712
10  4  ,5,,7,,9,,10,  9  14792
5  4  ,5,,8,,9,,10,  10  18722
8  4  ,5,,8,,9,,10,  10  18746
9  4  ,5,,8,,9,,10,  10  18258
10  4  ,5,,8,,9,,10,  9  14294
6  4  ,6,,7,,8,,9,  9  19086
7  4  ,6,,7,,8,,9,  9  13299
8  4  ,6,,7,,8,,9,  9  7308
9  4  ,6,,7,,8,,9,  8  10056
6  4  ,6,,7,,8,,10,  10  23126
7  4  ,6,,7,,8,,10,  10  25183
8  4  ,6,,7,,8,,10,  10  19192
10  4  ,6,,7,,8,,10,  8  14020
6  4  ,6,,7,,9,,10,  10  22954
7  4  ,6,,7,,9,,10,  10  25455
9  4  ,6,,7,,9,,10,  10  21768
10  4  ,6,,7,,9,,10,  9  13848
6  4  ,6,,8,,9,,10,  10  24222
8  4  ,6,,8,,9,,10,  10  20886
9  4  ,6,,8,,9,,10,  10  23190
10  4  ,6,,8,,9,,10,  9  19226
7  4  ,7,,8,,9,,10,  10  26859
8  4  ,7,,8,,9,,10,  10  21022
9  4  ,7,,8,,9,,10,  10  23770
10  4  ,7,,8,,9,,10,  9  19806
2  5  ,2,,3,,4,,5,,6,  6  8602
3  5  ,2,,3,,4,,5,,6,  6  13426
4  5  ,2,,3,,4,,5,,6,  6  12367
5  5  ,2,,3,,4,,5,,6,  6  11820
6  5  ,2,,3,,4,,5,,6,  5  8164
2  5  ,2,,3,,4,,5,,7,  7  14226
3  5  ,2,,3,,4,,5,,7,  7  16296
4  5  ,2,,3,,4,,5,,7,  7  13275
5  5  ,2,,3,,4,,5,,7,  7  12728
7  5  ,2,,3,,4,,5,,7,  5  11349
2  5  ,2,,3,,4,,5,,8,  8  17822
3  5  ,2,,3,,4,,5,,8,  8  14970
4  5  ,2,,3,,4,,5,,8,  8  9767
5  5  ,2,,3,,4,,5,,8,  8  9220
8  5  ,2,,3,,4,,5,,8,  5  11464
2  5  ,2,,3,,4,,5,,9,  9  17062
3  5  ,2,,3,,4,,5,,9,  9  15954
4  5  ,2,,3,,4,,5,,9,  9  11371
5  5  ,2,,3,,4,,5,,9,  9  10824
9  5  ,2,,3,,4,,5,,9,  5  11952
2  5  ,2,,3,,4,,5,,10,  10  11442
3  5  ,2,,3,,4,,5,,10,  10  10706
4  5  ,2,,3,,4,,5,,10,  10  7407
5  5  ,2,,3,,4,,5,,10,  10  6860
10  5  ,2,,3,,4,,5,,10,  5  7284
2  5  ,2,,3,,4,,6,,7,  7  15554
3  5  ,2,,3,,4,,6,,7,  7  17624
4  5  ,2,,3,,4,,6,,7,  7  13455
6  5  ,2,,3,,4,,6,,7,  7  10400
7  5  ,2,,3,,4,,6,,7,  6  12677
2  5  ,2,,3,,4,,6,,8,  8  25026
3  5  ,2,,3,,4,,6,,8,  8  22174
4  5  ,2,,3,,4,,6,,8,  8  15823
6  5  ,2,,3,,4,,6,,8,  8  12768
8  5  ,2,,3,,4,,6,,8,  6  18668
2  5  ,2,,3,,4,,6,,9,  9  21474
3  5  ,2,,3,,4,,6,,9,  9  20366
4  5  ,2,,3,,4,,6,,9,  9  14635
6  5  ,2,,3,,4,,6,,9,  9  11580
9  5  ,2,,3,,4,,6,,9,  6  16364
2  5  ,2,,3,,4,,6,,10,  10  20598
3  5  ,2,,3,,4,,6,,10,  10  19862
4  5  ,2,,3,,4,,6,,10,  10  15415
6  5  ,2,,3,,4,,6,,10,  10  12360
10  5  ,2,,3,,4,,6,,10,  6  16440
2  5  ,2,,3,,4,,7,,8,  8  17986
3  5  ,2,,3,,4,,7,,8,  8  15134
4  5  ,2,,3,,4,,7,,8,  8  10745
7  5  ,2,,3,,4,,7,,8,  8  8005
8  5  ,2,,3,,4,,7,,8,  7  11628
2  5  ,2,,3,,4,,7,,9,  9  13990
3  5  ,2,,3,,4,,7,,9,  9  12882
4  5  ,2,,3,,4,,7,,9,  9  9113
7  5  ,2,,3,,4,,7,,9,  9  6373
9  5  ,2,,3,,4,,7,,9,  7  8880
2  5  ,2,,3,,4,,7,,10,  10  20958
3  5  ,2,,3,,4,,7,,10,  10  20222
4  5  ,2,,3,,4,,7,,10,  10  17737
7  5  ,2,,3,,4,,7,,10,  10  14997
10  5  ,2,,3,,4,,7,,10,  7  16800
2  5  ,2,,3,,4,,8,,9,  9  9754
3  5  ,2,,3,,4,,8,,9,  9  8646
4  5  ,2,,3,,4,,8,,9,  9  7059
8  5  ,2,,3,,4,,8,,9,  9  5760
9  5  ,2,,3,,4,,8,,9,  8  4644
2  5  ,2,,3,,4,,8,,10,  10  12766
3  5  ,2,,3,,4,,8,,10,  10  12030
4  5  ,2,,3,,4,,8,,10,  10  11727
8  5  ,2,,3,,4,,8,,10,  10  10428
10  5  ,2,,3,,4,,8,,10,  8  8608
2  5  ,2,,3,,4,,9,,10,  10  16458
3  5  ,2,,3,,4,,9,,10,  10  15722
4  5  ,2,,3,,4,,9,,10,  10  14799
9  5  ,2,,3,,4,,9,,10,  10  13004
10  5  ,2,,3,,4,,9,,10,  9  12300
2  5  ,2,,3,,5,,6,,7,  7  11872
3  5  ,2,,3,,5,,6,,7,  7  10340
5  5  ,2,,3,,5,,6,,7,  7  14688
6  5  ,2,,3,,5,,6,,7,  7  12180
7  5  ,2,,3,,5,,6,,7,  6  8995
2  5  ,2,,3,,5,,6,,8,  8  21344
3  5  ,2,,3,,5,,6,,8,  8  14890
5  5  ,2,,3,,5,,6,,8,  8  20794
6  5  ,2,,3,,5,,6,,8,  8  18286
8  5  ,2,,3,,5,,6,,8,  6  14986
2  5  ,2,,3,,5,,6,,9,  9  17792
3  5  ,2,,3,,5,,6,,9,  9  13082
5  5  ,2,,3,,5,,6,,9,  9  18978
6  5  ,2,,3,,5,,6,,9,  9  16470
9  5  ,2,,3,,5,,6,,9,  6  12682
2  5  ,2,,3,,5,,6,,10,  10  16916
3  5  ,2,,3,,5,,6,,10,  10  12578
5  5  ,2,,3,,5,,6,,10,  10  14386
6  5  ,2,,3,,5,,6,,10,  10  11878
10  5  ,2,,3,,5,,6,,10,  6  12758
2  5  ,2,,3,,5,,7,,8,  8  19766
3  5  ,2,,3,,5,,7,,8,  8  13312
5  5  ,2,,3,,5,,7,,8,  8  15716
7  5  ,2,,3,,5,,7,,8,  8  13523
8  5  ,2,,3,,5,,7,,8,  7  13408
2  5  ,2,,3,,5,,7,,9,  9  15770
3  5  ,2,,3,,5,,7,,9,  9  11060
5  5  ,2,,3,,5,,7,,9,  9  13456
7  5  ,2,,3,,5,,7,,9,  9  11263
9  5  ,2,,3,,5,,7,,9,  7  10660
2  5  ,2,,3,,5,,7,,10,  10  22738
3  5  ,2,,3,,5,,7,,10,  10  18400
5  5  ,2,,3,,5,,7,,10,  10  16708
7  5  ,2,,3,,5,,7,,10,  10  14515
10  5  ,2,,3,,5,,7,,10,  7  18580
2  5  ,2,,3,,5,,8,,9,  9  15272
3  5  ,2,,3,,5,,8,,9,  9  10562
5  5  ,2,,3,,5,,8,,9,  9  11402
8  5  ,2,,3,,5,,8,,9,  9  10650
9  5  ,2,,3,,5,,8,,9,  8  10162
2  5  ,2,,3,,5,,8,,10,  10  18284
3  5  ,2,,3,,5,,8,,10,  10  13946
5  5  ,2,,3,,5,,8,,10,  10  10698
8  5  ,2,,3,,5,,8,,10,  10  9946
10  5  ,2,,3,,5,,8,,10,  8  14126
2  5  ,2,,3,,5,,9,,10,  10  21348
3  5  ,2,,3,,5,,9,,10,  10  17010
5  5  ,2,,3,,5,,9,,10,  10  13770
9  5  ,2,,3,,5,,9,,10,  10  12522
10  5  ,2,,3,,5,,9,,10,  9  17190
2  5  ,2,,3,,6,,7,,8,  8  19946
3  5  ,2,,3,,6,,7,,8,  8  10512
6  5  ,2,,3,,6,,7,,8,  8  19264
7  5  ,2,,3,,6,,7,,8,  8  19579
8  5  ,2,,3,,6,,7,,8,  7  13588
2  5  ,2,,3,,6,,7,,9,  9  15950
3  5  ,2,,3,,6,,7,,9,  9  8260
6  5  ,2,,3,,6,,7,,9,  9  14212
7  5  ,2,,3,,6,,7,,9,  9  14527
9  5  ,2,,3,,6,,7,,9,  7  10840
2  5  ,2,,3,,6,,7,,10,  10  22918
3  5  ,2,,3,,6,,7,,10,  10  15600
6  5  ,2,,3,,6,,7,,10,  10  22208
7  5  ,2,,3,,6,,7,,10,  10  22523
10  5  ,2,,3,,6,,7,,10,  7  18760
2  5  ,2,,3,,6,,8,,9,  9  21328
3  5  ,2,,3,,6,,8,,9,  9  13638
6  5  ,2,,3,,6,,8,,9,  9  12158
8  5  ,2,,3,,6,,8,,9,  9  13914
9  5  ,2,,3,,6,,8,,9,  8  16218
2  5  ,2,,3,,6,,8,,10,  10  24340
3  5  ,2,,3,,6,,8,,10,  10  17022
6  5  ,2,,3,,6,,8,,10,  10  16198
8  5  ,2,,3,,6,,8,,10,  10  17954
10  5  ,2,,3,,6,,8,,10,  8  20182
2  5  ,2,,3,,6,,9,,10,  10  24612
3  5  ,2,,3,,6,,9,,10,  10  17294
6  5  ,2,,3,,6,,9,,10,  10  19270
9  5  ,2,,3,,6,,9,,10,  10  20530
10  5  ,2,,3,,6,,9,,10,  9  20454
2  5  ,2,,3,,7,,8,,9,  9  16250
3  5  ,2,,3,,7,,8,,9,  9  11314
7  5  ,2,,3,,7,,8,,9,  9  6951
8  5  ,2,,3,,7,,8,,9,  9  8392
9  5  ,2,,3,,7,,8,,9,  8  11140
2  5  ,2,,3,,7,,8,,10,  10  19262
3  5  ,2,,3,,7,,8,,10,  10  14698
7  5  ,2,,3,,7,,8,,10,  10  18835
8  5  ,2,,3,,7,,8,,10,  10  20276
10  5  ,2,,3,,7,,8,,10,  8  15104
2  5  ,2,,3,,7,,9,,10,  10  19090
3  5  ,2,,3,,7,,9,,10,  10  14526
7  5  ,2,,3,,7,,9,,10,  10  21907
9  5  ,2,,3,,7,,9,,10,  10  22852
10  5  ,2,,3,,7,,9,,10,  9  14932
2  5  ,2,,3,,8,,9,,10,  10  17036
3  5  ,2,,3,,8,,9,,10,  10  17394
8  5  ,2,,3,,8,,9,,10,  10  17338
9  5  ,2,,3,,8,,9,,10,  10  16842
10  5  ,2,,3,,8,,9,,10,  9  12878
2  5  ,2,,4,,5,,6,,7,  7  16252
4  5  ,2,,4,,5,,6,,7,  7  11251
5  5  ,2,,4,,5,,6,,7,  7  19768
6  5  ,2,,4,,5,,6,,7,  7  16112
7  5  ,2,,4,,5,,6,,7,  6  12927
2  5  ,2,,4,,5,,6,,8,  8  25724
4  5  ,2,,4,,5,,6,,8,  8  13619
5  5  ,2,,4,,5,,6,,8,  8  25874
6  5  ,2,,4,,5,,6,,8,  8  22218
8  5  ,2,,4,,5,,6,,8,  6  18918
2  5  ,2,,4,,5,,6,,9,  9  22172
4  5  ,2,,4,,5,,6,,9,  9  12431
5  5  ,2,,4,,5,,6,,9,  9  24058
6  5  ,2,,4,,5,,6,,9,  9  20402
9  5  ,2,,4,,5,,6,,9,  6  16614
2  5  ,2,,4,,5,,6,,10,  10  21296
4  5  ,2,,4,,5,,6,,10,  10  13211
5  5  ,2,,4,,5,,6,,10,  10  19466
6  5  ,2,,4,,5,,6,,10,  10  15810
10  5  ,2,,4,,5,,6,,10,  6  16690
2  5  ,2,,4,,5,,7,,8,  8  24146
4  5  ,2,,4,,5,,7,,8,  8  12041
5  5  ,2,,4,,5,,7,,8,  8  18834
7  5  ,2,,4,,5,,7,,8,  8  17455
8  5  ,2,,4,,5,,7,,8,  7  17340
2  5  ,2,,4,,5,,7,,9,  9  20150
4  5  ,2,,4,,5,,7,,9,  9  10409
5  5  ,2,,4,,5,,7,,9,  9  16574
7  5  ,2,,4,,5,,7,,9,  9  15195
9  5  ,2,,4,,5,,7,,9,  7  14592
2  5  ,2,,4,,5,,7,,10,  10  27118
4  5  ,2,,4,,5,,7,,10,  10  19033
5  5  ,2,,4,,5,,7,,10,  10  19826
7  5  ,2,,4,,5,,7,,10,  10  18447
10  5  ,2,,4,,5,,7,,10,  7  22512
2  5  ,2,,4,,5,,8,,9,  9  19652
4  5  ,2,,4,,5,,8,,9,  9  9911
5  5  ,2,,4,,5,,8,,9,  9  12338
8  5  ,2,,4,,5,,8,,9,  9  14582
9  5  ,2,,4,,5,,8,,9,  8  14094
2  5  ,2,,4,,5,,8,,10,  10  22664
4  5  ,2,,4,,5,,8,,10,  10  14579
5  5  ,2,,4,,5,,8,,10,  10  11634
8  5  ,2,,4,,5,,8,,10,  10  13878
10  5  ,2,,4,,5,,8,,10,  8  18058
2  5  ,2,,4,,5,,9,,10,  10  25728
4  5  ,2,,4,,5,,9,,10,  10  17643
5  5  ,2,,4,,5,,9,,10,  10  15326
9  5  ,2,,4,,5,,9,,10,  10  16454
10  5  ,2,,4,,5,,9,,10,  9  21122
2  5  ,2,,4,,6,,7,,8,  8  25474
4  5  ,2,,4,,6,,7,,8,  8  9241
6  5  ,2,,4,,6,,7,,8,  8  22382
7  5  ,2,,4,,6,,7,,8,  8  24659
8  5  ,2,,4,,6,,7,,8,  7  18668
2  5  ,2,,4,,6,,7,,9,  9  21478
4  5  ,2,,4,,6,,7,,9,  9  7609
6  5  ,2,,4,,6,,7,,9,  9  17330
7  5  ,2,,4,,6,,7,,9,  9  19607
9  5  ,2,,4,,6,,7,,9,  7  15920
2  5  ,2,,4,,6,,7,,10,  10  28446
4  5  ,2,,4,,6,,7,,10,  10  16233
6  5  ,2,,4,,6,,7,,10,  10  25326
7  5  ,2,,4,,6,,7,,10,  10  27603
10  5  ,2,,4,,6,,7,,10,  7  23840
2  5  ,2,,4,,6,,8,,9,  9  26856
4  5  ,2,,4,,6,,8,,9,  9  12987
6  5  ,2,,4,,6,,8,,9,  9  13094
8  5  ,2,,4,,6,,8,,9,  9  18994
9  5  ,2,,4,,6,,8,,9,  8  21298
2  5  ,2,,4,,6,,8,,10,  10  29868
4  5  ,2,,4,,6,,8,,10,  10  17655
6  5  ,2,,4,,6,,8,,10,  10  17134
8  5  ,2,,4,,6,,8,,10,  10  23034
10  5  ,2,,4,,6,,8,,10,  8  25262
2  5  ,2,,4,,6,,9,,10,  10  30140
4  5  ,2,,4,,6,,9,,10,  10  17927
6  5  ,2,,4,,6,,9,,10,  10  20826
9  5  ,2,,4,,6,,9,,10,  10  25610
10  5  ,2,,4,,6,,9,,10,  9  25534
2  5  ,2,,4,,7,,8,,9,  9  19816
4  5  ,2,,4,,7,,8,,9,  9  10663
7  5  ,2,,4,,7,,8,,9,  9  7887
8  5  ,2,,4,,7,,8,,9,  9  11510
9  5  ,2,,4,,7,,8,,9,  8  14258
2  5  ,2,,4,,7,,8,,10,  10  22828
4  5  ,2,,4,,7,,8,,10,  10  15331
7  5  ,2,,4,,7,,8,,10,  10  19771
8  5  ,2,,4,,7,,8,,10,  10  23394
10  5  ,2,,4,,7,,8,,10,  8  18222
2  5  ,2,,4,,7,,9,,10,  10  22656
4  5  ,2,,4,,7,,9,,10,  10  15159
7  5  ,2,,4,,7,,9,,10,  10  23463
9  5  ,2,,4,,7,,9,,10,  10  25970
10  5  ,2,,4,,7,,9,,10,  9  18050
2  5  ,2,,4,,8,,9,,10,  10  18420
4  5  ,2,,4,,8,,9,,10,  10  18027
8  5  ,2,,4,,8,,9,,10,  10  18894
9  5  ,2,,4,,8,,9,,10,  10  17778
10  5  ,2,,4,,8,,9,,10,  9  13814
2  5  ,2,,5,,6,,7,,8,  8  16238
5  5  ,2,,5,,6,,7,,8,  8  14212
6  5  ,2,,5,,6,,7,,8,  8  20560
7  5  ,2,,5,,6,,7,,8,  8  17375
8  5  ,2,,5,,6,,7,,8,  7  11384
2  5  ,2,,5,,6,,7,,9,  9  12242
5  5  ,2,,5,,6,,7,,9,  9  11952
6  5  ,2,,5,,6,,7,,9,  9  15508
7  5  ,2,,5,,6,,7,,9,  9  12323
9  5  ,2,,5,,6,,7,,9,  7  8636
2  5  ,2,,5,,6,,7,,10,  10  19210
5  5  ,2,,5,,6,,7,,10,  10  15204
6  5  ,2,,5,,6,,7,,10,  10  23504
7  5  ,2,,5,,6,,7,,10,  10  20319
10  5  ,2,,5,,6,,7,,10,  7  16556
2  5  ,2,,5,,6,,8,,9,  9  17620
5  5  ,2,,5,,6,,8,,9,  9  17330
6  5  ,2,,5,,6,,8,,9,  9  15010
8  5  ,2,,5,,6,,8,,9,  9  11710
9  5  ,2,,5,,6,,8,,9,  8  14014
2  5  ,2,,5,,6,,8,,10,  10  20632
5  5  ,2,,5,,6,,8,,10,  10  16626
6  5  ,2,,5,,6,,8,,10,  10  19050
8  5  ,2,,5,,6,,8,,10,  10  15750
10  5  ,2,,5,,6,,8,,10,  8  17978
2  5  ,2,,5,,6,,9,,10,  10  20904
5  5  ,2,,5,,6,,9,,10,  10  16898
6  5  ,2,,5,,6,,9,,10,  10  22114
9  5  ,2,,5,,6,,9,,10,  10  18326
10  5  ,2,,5,,6,,9,,10,  9  18250
2  5  ,2,,5,,7,,8,,9,  9  16042
5  5  ,2,,5,,7,,8,,9,  9  15006
7  5  ,2,,5,,7,,8,,9,  9  9803
8  5  ,2,,5,,7,,8,,9,  9  9688
9  5  ,2,,5,,7,,8,,9,  8  12436
2  5  ,2,,5,,7,,8,,10,  10  19054
5  5  ,2,,5,,7,,8,,10,  10  14302
7  5  ,2,,5,,7,,8,,10,  10  21687
8  5  ,2,,5,,7,,8,,10,  10  21572
10  5  ,2,,5,,7,,8,,10,  8  16400
2  5  ,2,,5,,7,,9,,10,  10  18882
5  5  ,2,,5,,7,,9,,10,  10  14130
7  5  ,2,,5,,7,,9,,10,  10  24751
9  5  ,2,,5,,7,,9,,10,  10  24148
10  5  ,2,,5,,7,,9,,10,  9  16228
2  5  ,2,,5,,8,,9,,10,  10  18384
5  5  ,2,,5,,8,,9,,10,  10  16998
8  5  ,2,,5,,8,,9,,10,  10  20182
9  5  ,2,,5,,8,,9,,10,  10  19694
10  5  ,2,,5,,8,,9,,10,  9  15730
2  5  ,2,,6,,7,,8,,9,  9  15098
6  5  ,2,,6,,7,,8,,9,  9  15762
7  5  ,2,,6,,7,,8,,9,  9  12879
8  5  ,2,,6,,7,,8,,9,  9  6888
9  5  ,2,,6,,7,,8,,9,  8  9636
2  5  ,2,,6,,7,,8,,10,  10  18110
6  5  ,2,,6,,7,,8,,10,  10  19802
7  5  ,2,,6,,7,,8,,10,  10  24763
8  5  ,2,,6,,7,,8,,10,  10  18772
10  5  ,2,,6,,7,,8,,10,  8  13600
2  5  ,2,,6,,7,,9,,10,  10  17938
6  5  ,2,,6,,7,,9,,10,  10  19630
7  5  ,2,,6,,7,,9,,10,  10  25035
9  5  ,2,,6,,7,,9,,10,  10  21348
10  5  ,2,,6,,7,,9,,10,  9  13428
2  5  ,2,,6,,8,,9,,10,  10  23316
6  5  ,2,,6,,8,,9,,10,  10  22498
8  5  ,2,,6,,8,,9,,10,  10  20466
9  5  ,2,,6,,8,,9,,10,  10  22770
10  5  ,2,,6,,8,,9,,10,  9  18806
2  5  ,2,,7,,8,,9,,10,  10  23896
7  5  ,2,,7,,8,,9,,10,  10  25135
8  5  ,2,,7,,8,,9,,10,  10  17698
9  5  ,2,,7,,8,,9,,10,  10  20446
10  5  ,2,,7,,8,,9,,10,  9  16482
3  5  ,3,,4,,5,,6,,7,  7  16664
4  5  ,3,,4,,5,,6,,7,  7  13195
5  5  ,3,,4,,5,,6,,7,  7  18110
6  5  ,3,,4,,5,,6,,7,  7  14454
7  5  ,3,,4,,5,,6,,7,  6  11269
3  5  ,3,,4,,5,,6,,8,  8  21214
4  5  ,3,,4,,5,,6,,8,  8  15563
5  5  ,3,,4,,5,,6,,8,  8  24216
6  5  ,3,,4,,5,,6,,8,  8  20560
8  5  ,3,,4,,5,,6,,8,  6  17260
3  5  ,3,,4,,5,,6,,9,  9  19406
4  5  ,3,,4,,5,,6,,9,  9  14375
5  5  ,3,,4,,5,,6,,9,  9  22400
6  5  ,3,,4,,5,,6,,9,  9  18744
9  5  ,3,,4,,5,,6,,9,  6  14956
3  5  ,3,,4,,5,,6,,10,  10  18902
4  5  ,3,,4,,5,,6,,10,  10  15155
5  5  ,3,,4,,5,,6,,10,  10  17808
6  5  ,3,,4,,5,,6,,10,  10  14152
10  5  ,3,,4,,5,,6,,10,  6  15032
3  5  ,3,,4,,5,,7,,8,  8  19636
4  5  ,3,,4,,5,,7,,8,  8  13985
5  5  ,3,,4,,5,,7,,8,  8  17176
7  5  ,3,,4,,5,,7,,8,  8  15797
8  5  ,3,,4,,5,,7,,8,  7  15682
3  5  ,3,,4,,5,,7,,9,  9  17384
4  5  ,3,,4,,5,,7,,9,  9  12353
5  5  ,3,,4,,5,,7,,9,  9  14916
7  5  ,3,,4,,5,,7,,9,  9  13537
9  5  ,3,,4,,5,,7,,9,  7  12934
3  5  ,3,,4,,5,,7,,10,  10  24724
4  5  ,3,,4,,5,,7,,10,  10  20977
5  5  ,3,,4,,5,,7,,10,  10  18168
7  5  ,3,,4,,5,,7,,10,  10  16789
10  5  ,3,,4,,5,,7,,10,  7  20854
3  5  ,3,,4,,5,,8,,9,  9  16886
4  5  ,3,,4,,5,,8,,9,  9  11855
5  5  ,3,,4,,5,,8,,9,  9  10680
8  5  ,3,,4,,5,,8,,9,  9  12924
9  5  ,3,,4,,5,,8,,9,  8  12436
3  5  ,3,,4,,5,,8,,10,  10  20270
4  5  ,3,,4,,5,,8,,10,  10  16523
5  5  ,3,,4,,5,,8,,10,  10  9976
8  5  ,3,,4,,5,,8,,10,  10  12220
10  5  ,3,,4,,5,,8,,10,  8  16400
3  5  ,3,,4,,5,,9,,10,  10  23334
4  5  ,3,,4,,5,,9,,10,  10  19587
5  5  ,3,,4,,5,,9,,10,  10  13668
9  5  ,3,,4,,5,,9,,10,  10  14796
10  5  ,3,,4,,5,,9,,10,  9  19464
3  5  ,3,,4,,6,,7,,8,  8  20964
4  5  ,3,,4,,6,,7,,8,  8  14165
6  5  ,3,,4,,6,,7,,8,  8  20724
7  5  ,3,,4,,6,,7,,8,  8  23001
8  5  ,3,,4,,6,,7,,8,  7  17010
3  5  ,3,,4,,6,,7,,9,  9  18712
4  5  ,3,,4,,6,,7,,9,  9  12533
6  5  ,3,,4,,6,,7,,9,  9  15672
7  5  ,3,,4,,6,,7,,9,  9  17949
9  5  ,3,,4,,6,,7,,9,  7  14262
3  5  ,3,,4,,6,,7,,10,  10  26052
4  5  ,3,,4,,6,,7,,10,  10  21157
6  5  ,3,,4,,6,,7,,10,  10  23668
7  5  ,3,,4,,6,,7,,10,  10  25945
10  5  ,3,,4,,6,,7,,10,  7  22182
3  5  ,3,,4,,6,,8,,9,  9  24090
4  5  ,3,,4,,6,,8,,9,  9  17911
6  5  ,3,,4,,6,,8,,9,  9  11436
8  5  ,3,,4,,6,,8,,9,  9  17336
9  5  ,3,,4,,6,,8,,9,  8  19640
3  5  ,3,,4,,6,,8,,10,  10  27474
4  5  ,3,,4,,6,,8,,10,  10  22579
6  5  ,3,,4,,6,,8,,10,  10  15476
8  5  ,3,,4,,6,,8,,10,  10  21376
10  5  ,3,,4,,6,,8,,10,  8  23604
3  5  ,3,,4,,6,,9,,10,  10  27746
4  5  ,3,,4,,6,,9,,10,  10  22851
6  5  ,3,,4,,6,,9,,10,  10  19168
9  5  ,3,,4,,6,,9,,10,  10  23952
10  5  ,3,,4,,6,,9,,10,  9  23876
3  5  ,3,,4,,7,,8,,9,  9  17050
4  5  ,3,,4,,7,,8,,9,  9  12833
7  5  ,3,,4,,7,,8,,9,  9  6229
8  5  ,3,,4,,7,,8,,9,  9  9852
9  5  ,3,,4,,7,,8,,9,  8  12600
3  5  ,3,,4,,7,,8,,10,  10  20434
4  5  ,3,,4,,7,,8,,10,  10  17501
7  5  ,3,,4,,7,,8,,10,  10  18113
8  5  ,3,,4,,7,,8,,10,  10  21736
10  5  ,3,,4,,7,,8,,10,  8  16564
3  5  ,3,,4,,7,,9,,10,  10  20262
4  5  ,3,,4,,7,,9,,10,  10  17329
7  5  ,3,,4,,7,,9,,10,  10  21805
9  5  ,3,,4,,7,,9,,10,  10  24312
10  5  ,3,,4,,7,,9,,10,  9  16392
3  5  ,3,,4,,8,,9,,10,  10  16026
4  5  ,3,,4,,8,,9,,10,  10  15275
8  5  ,3,,4,,8,,9,,10,  10  17236
9  5  ,3,,4,,8,,9,,10,  10  16120
10  5  ,3,,4,,8,,9,,10,  9  12156
3  5  ,3,,5,,6,,7,,8,  8  11728
5  5  ,3,,5,,6,,7,,8,  8  19136
6  5  ,3,,5,,6,,7,,8,  8  22504
7  5  ,3,,5,,6,,7,,8,  8  19319
8  5  ,3,,5,,6,,7,,8,  7  13328
3  5  ,3,,5,,6,,7,,9,  9  9476
5  5  ,3,,5,,6,,7,,9,  9  16876
6  5  ,3,,5,,6,,7,,9,  9  17452
7  5  ,3,,5,,6,,7,,9,  9  14267
9  5  ,3,,5,,6,,7,,9,  7  10580
3  5  ,3,,5,,6,,7,,10,  10  16816
5  5  ,3,,5,,6,,7,,10,  10  20128
6  5  ,3,,5,,6,,7,,10,  10  25448
7  5  ,3,,5,,6,,7,,10,  10  22263
10  5  ,3,,5,,6,,7,,10,  7  18500
3  5  ,3,,5,,6,,8,,9,  9  14854
5  5  ,3,,5,,6,,8,,9,  9  22254
6  5  ,3,,5,,6,,8,,9,  9  16954
8  5  ,3,,5,,6,,8,,9,  9  13654
9  5  ,3,,5,,6,,8,,9,  8  15958
3  5  ,3,,5,,6,,8,,10,  10  18238
5  5  ,3,,5,,6,,8,,10,  10  21550
6  5  ,3,,5,,6,,8,,10,  10  20994
8  5  ,3,,5,,6,,8,,10,  10  17694
10  5  ,3,,5,,6,,8,,10,  8  19922
3  5  ,3,,5,,6,,9,,10,  10  18510
5  5  ,3,,5,,6,,9,,10,  10  21822
6  5  ,3,,5,,6,,9,,10,  10  24058
9  5  ,3,,5,,6,,9,,10,  10  20270
10  5  ,3,,5,,6,,9,,10,  9  20194
3  5  ,3,,5,,7,,8,,9,  9  13276
5  5  ,3,,5,,7,,8,,9,  9  17176
7  5  ,3,,5,,7,,8,,9,  9  11747
8  5  ,3,,5,,7,,8,,9,  9  11632
9  5  ,3,,5,,7,,8,,9,  8  14380
3  5  ,3,,5,,7,,8,,10,  10  16660
5  5  ,3,,5,,7,,8,,10,  10  16472
7  5  ,3,,5,,7,,8,,10,  10  23631
8  5  ,3,,5,,7,,8,,10,  10  23516
10  5  ,3,,5,,7,,8,,10,  8  18344
3  5  ,3,,5,,7,,9,,10,  10  16488
5  5  ,3,,5,,7,,9,,10,  10  16300
7  5  ,3,,5,,7,,9,,10,  10  26695
9  5  ,3,,5,,7,,9,,10,  10  26092
10  5  ,3,,5,,7,,9,,10,  9  18172
3  5  ,3,,5,,8,,9,,10,  10  15990
5  5  ,3,,5,,8,,9,,10,  10  14246
8  5  ,3,,5,,8,,9,,10,  10  22126
9  5  ,3,,5,,8,,9,,10,  10  21638
10  5  ,3,,5,,8,,9,,10,  9  17674
3  5  ,3,,6,,7,,8,,9,  9  12332
6  5  ,3,,6,,7,,8,,9,  9  17932
7  5  ,3,,6,,7,,8,,9,  9  17803
8  5  ,3,,6,,7,,8,,9,  9  11812
9  5  ,3,,6,,7,,8,,9,  8  14560
3  5  ,3,,6,,7,,8,,10,  10  15716
6  5  ,3,,6,,7,,8,,10,  10  21972
7  5  ,3,,6,,7,,8,,10,  10  29687
8  5  ,3,,6,,7,,8,,10,  10  23696
10  5  ,3,,6,,7,,8,,10,  8  18524
3  5  ,3,,6,,7,,9,,10,  10  15544
6  5  ,3,,6,,7,,9,,10,  10  21800
7  5  ,3,,6,,7,,9,,10,  10  29959
9  5  ,3,,6,,7,,9,,10,  10  26272
10  5  ,3,,6,,7,,9,,10,  9  18352
3  5  ,3,,6,,8,,9,,10,  10  20922
6  5  ,3,,6,,8,,9,,10,  10  19746
8  5  ,3,,6,,8,,9,,10,  10  25390
9  5  ,3,,6,,8,,9,,10,  10  27694
10  5  ,3,,6,,8,,9,,10,  9  23730
3  5  ,3,,7,,8,,9,,10,  10  21502
7  5  ,3,,7,,8,,9,,10,  10  22383
8  5  ,3,,7,,8,,9,,10,  10  19868
9  5  ,3,,7,,8,,9,,10,  10  22616
10  5  ,3,,7,,8,,9,,10,  9  18652
4  5  ,4,,5,,6,,7,,8,  8  10457
5  5  ,4,,5,,6,,7,,8,  8  24664
6  5  ,4,,5,,6,,7,,8,  8  26884
7  5  ,4,,5,,6,,7,,8,  8  23699
8  5  ,4,,5,,6,,7,,8,  7  17708
4  5  ,4,,5,,6,,7,,9,  9  8825
5  5  ,4,,5,,6,,7,,9,  9  22404
6  5  ,4,,5,,6,,7,,9,  9  21832
7  5  ,4,,5,,6,,7,,9,  9  18647
9  5  ,4,,5,,6,,7,,9,  7  14960
4  5  ,4,,5,,6,,7,,10,  10  17449
5  5  ,4,,5,,6,,7,,10,  10  25656
6  5  ,4,,5,,6,,7,,10,  10  29828
7  5  ,4,,5,,6,,7,,10,  10  26643
10  5  ,4,,5,,6,,7,,10,  7  22880
4  5  ,4,,5,,6,,8,,9,  9  14203
5  5  ,4,,5,,6,,8,,9,  9  27782
6  5  ,4,,5,,6,,8,,9,  9  21334
8  5  ,4,,5,,6,,8,,9,  9  18034
9  5  ,4,,5,,6,,8,,9,  8  20338
4  5  ,4,,5,,6,,8,,10,  10  18871
5  5  ,4,,5,,6,,8,,10,  10  27078
6  5  ,4,,5,,6,,8,,10,  10  25374
8  5  ,4,,5,,6,,8,,10,  10  22074
10  5  ,4,,5,,6,,8,,10,  8  24302
4  5  ,4,,5,,6,,9,,10,  10  19143
5  5  ,4,,5,,6,,9,,10,  10  27350
6  5  ,4,,5,,6,,9,,10,  10  28438
9  5  ,4,,5,,6,,9,,10,  10  24650
10  5  ,4,,5,,6,,9,,10,  9  24574
4  5  ,4,,5,,7,,8,,9,  9  12625
5  5  ,4,,5,,7,,8,,9,  9  20742
7  5  ,4,,5,,7,,8,,9,  9  16127
8  5  ,4,,5,,7,,8,,9,  9  16012
9  5  ,4,,5,,7,,8,,9,  8  18760
4  5  ,4,,5,,7,,8,,10,  10  17293
5  5  ,4,,5,,7,,8,,10,  10  20038
7  5  ,4,,5,,7,,8,,10,  10  28011
8  5  ,4,,5,,7,,8,,10,  10  27896
10  5  ,4,,5,,7,,8,,10,  8  22724
4  5  ,4,,5,,7,,9,,10,  10  17121
5  5  ,4,,5,,7,,9,,10,  10  19866
7  5  ,4,,5,,7,,9,,10,  10  31075
9  5  ,4,,5,,7,,9,,10,  10  30472
10  5  ,4,,5,,7,,9,,10,  9  22552
4  5  ,4,,5,,8,,9,,10,  10  16623
5  5  ,4,,5,,8,,9,,10,  10  15630
8  5  ,4,,5,,8,,9,,10,  10  26506
9  5  ,4,,5,,8,,9,,10,  10  26018
10  5  ,4,,5,,8,,9,,10,  9  22054
4  5  ,4,,6,,7,,8,,9,  9  11681
6  5  ,4,,6,,7,,8,,9,  9  21498
7  5  ,4,,6,,7,,8,,9,  9  23331
8  5  ,4,,6,,7,,8,,9,  9  17340
9  5  ,4,,6,,7,,8,,9,  8  20088
4  5  ,4,,6,,7,,8,,10,  10  16349
6  5  ,4,,6,,7,,8,,10,  10  25538
7  5  ,4,,6,,7,,8,,10,  10  35215
8  5  ,4,,6,,7,,8,,10,  10  29224
10  5  ,4,,6,,7,,8,,10,  8  24052
4  5  ,4,,6,,7,,9,,10,  10  16177
6  5  ,4,,6,,7,,9,,10,  10  25366
7  5  ,4,,6,,7,,9,,10,  10  35487
9  5  ,4,,6,,7,,9,,10,  10  31800
10  5  ,4,,6,,7,,9,,10,  9  23880
4  5  ,4,,6,,8,,9,,10,  10  21555
6  5  ,4,,6,,8,,9,,10,  10  21130
8  5  ,4,,6,,8,,9,,10,  10  30918
9  5  ,4,,6,,8,,9,,10,  10  33222
10  5  ,4,,6,,8,,9,,10,  9  29258
4  5  ,4,,7,,8,,9,,10,  10  22135
7  5  ,4,,7,,8,,9,,10,  10  23767
8  5  ,4,,7,,8,,9,,10,  10  23434
9  5  ,4,,7,,8,,9,,10,  10  26182
10  5  ,4,,7,,8,,9,,10,  9  22218
5  5  ,5,,6,,7,,8,,9,  9  16024
6  5  ,5,,6,,7,,8,,9,  9  17724
7  5  ,5,,6,,7,,8,,9,  9  14095
8  5  ,5,,6,,7,,8,,9,  9  8104
9  5  ,5,,6,,7,,8,,9,  8  10852
5  5  ,5,,6,,7,,8,,10,  10  15320
6  5  ,5,,6,,7,,8,,10,  10  21764
7  5  ,5,,6,,7,,8,,10,  10  25979
8  5  ,5,,6,,7,,8,,10,  10  19988
10  5  ,5,,6,,7,,8,,10,  8  14816
5  5  ,5,,6,,7,,9,,10,  10  15148
6  5  ,5,,6,,7,,9,,10,  10  21592
7  5  ,5,,6,,7,,9,,10,  10  26251
9  5  ,5,,6,,7,,9,,10,  10  22564
10  5  ,5,,6,,7,,9,,10,  9  14644
5  5  ,5,,6,,8,,9,,10,  10  20526
6  5  ,5,,6,,8,,9,,10,  10  21094
8  5  ,5,,6,,8,,9,,10,  10  21682
9  5  ,5,,6,,8,,9,,10,  10  23986
10  5  ,5,,6,,8,,9,,10,  9  20022
5  5  ,5,,7,,8,,9,,10,  10  21106
7  5  ,5,,7,,8,,9,,10,  10  23731
8  5  ,5,,7,,8,,9,,10,  10  19660
9  5  ,5,,7,,8,,9,,10,  10  22408
10  5  ,5,,7,,8,,9,,10,  9  18444
6  5  ,6,,7,,8,,9,,10,  10  26606
7  5  ,6,,7,,8,,9,,10,  10  28663
8  5  ,6,,7,,8,,9,,10,  10  18716
9  5  ,6,,7,,8,,9,,10,  10  21464
10  5  ,6,,7,,8,,9,,10,  9  17500
2  6  ,2,,3,,4,,5,,6,,7,  7  14078
3  6  ,2,,3,,4,,5,,6,,7,  7  16148
4  6  ,2,,3,,4,,5,,6,,7,  7  13127
5  6  ,2,,3,,4,,5,,6,,7,  7  18042
6  6  ,2,,3,,4,,5,,6,,7,  7  14386
7  6  ,2,,3,,4,,5,,6,,7,  6  11201
2  6  ,2,,3,,4,,5,,6,,8,  8  23550
3  6  ,2,,3,,4,,5,,6,,8,  8  20698
4  6  ,2,,3,,4,,5,,6,,8,  8  15495
5  6  ,2,,3,,4,,5,,6,,8,  8  24148
6  6  ,2,,3,,4,,5,,6,,8,  8  20492
8  6  ,2,,3,,4,,5,,6,,8,  6  17192
2  6  ,2,,3,,4,,5,,6,,9,  9  19998
3  6  ,2,,3,,4,,5,,6,,9,  9  18890
4  6  ,2,,3,,4,,5,,6,,9,  9  14307
5  6  ,2,,3,,4,,5,,6,,9,  9  22332
6  6  ,2,,3,,4,,5,,6,,9,  9  18676
9  6  ,2,,3,,4,,5,,6,,9,  6  14888
2  6  ,2,,3,,4,,5,,6,,10,  10  19122
3  6  ,2,,3,,4,,5,,6,,10,  10  18386
4  6  ,2,,3,,4,,5,,6,,10,  10  15087
5  6  ,2,,3,,4,,5,,6,,10,  10  17740
6  6  ,2,,3,,4,,5,,6,,10,  10  14084
10  6  ,2,,3,,4,,5,,6,,10,  6  14964
2  6  ,2,,3,,4,,5,,7,,8,  8  21972
3  6  ,2,,3,,4,,5,,7,,8,  8  19120
4  6  ,2,,3,,4,,5,,7,,8,  8  13917
5  6  ,2,,3,,4,,5,,7,,8,  8  17108
7  6  ,2,,3,,4,,5,,7,,8,  8  15729
8  6  ,2,,3,,4,,5,,7,,8,  7  15614
2  6  ,2,,3,,4,,5,,7,,9,  9  17976
3  6  ,2,,3,,4,,5,,7,,9,  9  16868
4  6  ,2,,3,,4,,5,,7,,9,  9  12285
5  6  ,2,,3,,4,,5,,7,,9,  9  14848
7  6  ,2,,3,,4,,5,,7,,9,  9  13469
9  6  ,2,,3,,4,,5,,7,,9,  7  12866
2  6  ,2,,3,,4,,5,,7,,10,  10  24944
3  6  ,2,,3,,4,,5,,7,,10,  10  24208
4  6  ,2,,3,,4,,5,,7,,10,  10  20909
5  6  ,2,,3,,4,,5,,7,,10,  10  18100
7  6  ,2,,3,,4,,5,,7,,10,  10  16721
10  6  ,2,,3,,4,,5,,7,,10,  7  20786
2  6  ,2,,3,,4,,5,,8,,9,  9  17478
3  6  ,2,,3,,4,,5,,8,,9,  9  16370
4  6  ,2,,3,,4,,5,,8,,9,  9  11787
5  6  ,2,,3,,4,,5,,8,,9,  9  10612
8  6  ,2,,3,,4,,5,,8,,9,  9  12856
9  6  ,2,,3,,4,,5,,8,,9,  8  12368
2  6  ,2,,3,,4,,5,,8,,10,  10  20490
3  6  ,2,,3,,4,,5,,8,,10,  10  19754
4  6  ,2,,3,,4,,5,,8,,10,  10  16455
5  6  ,2,,3,,4,,5,,8,,10,  10  9908
8  6  ,2,,3,,4,,5,,8,,10,  10  12152
10  6  ,2,,3,,4,,5,,8,,10,  8  16332
2  6  ,2,,3,,4,,5,,9,,10,  10  23554
3  6  ,2,,3,,4,,5,,9,,10,  10  22818
4  6  ,2,,3,,4,,5,,9,,10,  10  19519
5  6  ,2,,3,,4,,5,,9,,10,  10  13600
9  6  ,2,,3,,4,,5,,9,,10,  10  14728
10  6  ,2,,3,,4,,5,,9,,10,  9  19396
2  6  ,2,,3,,4,,6,,7,,8,  8  23300
3  6  ,2,,3,,4,,6,,7,,8,  8  20448
4  6  ,2,,3,,4,,6,,7,,8,  8  14097
6  6  ,2,,3,,4,,6,,7,,8,  8  20656
7  6  ,2,,3,,4,,6,,7,,8,  8  22933
8  6  ,2,,3,,4,,6,,7,,8,  7  16942
2  6  ,2,,3,,4,,6,,7,,9,  9  19304
3  6  ,2,,3,,4,,6,,7,,9,  9  18196
4  6  ,2,,3,,4,,6,,7,,9,  9  12465
6  6  ,2,,3,,4,,6,,7,,9,  9  15604
7  6  ,2,,3,,4,,6,,7,,9,  9  17881
9  6  ,2,,3,,4,,6,,7,,9,  7  14194
2  6  ,2,,3,,4,,6,,7,,10,  10  26272
3  6  ,2,,3,,4,,6,,7,,10,  10  25536
4  6  ,2,,3,,4,,6,,7,,10,  10  21089
6  6  ,2,,3,,4,,6,,7,,10,  10  23600
7  6  ,2,,3,,4,,6,,7,,10,  10  25877
10  6  ,2,,3,,4,,6,,7,,10,  7  22114
2  6  ,2,,3,,4,,6,,8,,9,  9  24682
3  6  ,2,,3,,4,,6,,8,,9,  9  23574
4  6  ,2,,3,,4,,6,,8,,9,  9  17843
6  6  ,2,,3,,4,,6,,8,,9,  9  11368
8  6  ,2,,3,,4,,6,,8,,9,  9  17268
9  6  ,2,,3,,4,,6,,8,,9,  8  19572
2  6  ,2,,3,,4,,6,,8,,10,  10  27694
3  6  ,2,,3,,4,,6,,8,,10,  10  26958
4  6  ,2,,3,,4,,6,,8,,10,  10  22511
6  6  ,2,,3,,4,,6,,8,,10,  10  15408
8  6  ,2,,3,,4,,6,,8,,10,  10  21308
10  6  ,2,,3,,4,,6,,8,,10,  8  23536
2  6  ,2,,3,,4,,6,,9,,10,  10  27966
3  6  ,2,,3,,4,,6,,9,,10,  10  27230
4  6  ,2,,3,,4,,6,,9,,10,  10  22783
6  6  ,2,,3,,4,,6,,9,,10,  10  19100
9  6  ,2,,3,,4,,6,,9,,10,  10  23884
10  6  ,2,,3,,4,,6,,9,,10,  9  23808
2  6  ,2,,3,,4,,7,,8,,9,  9  17642
3  6  ,2,,3,,4,,7,,8,,9,  9  16534
4  6  ,2,,3,,4,,7,,8,,9,  9  12765
7  6  ,2,,3,,4,,7,,8,,9,  9  6161
8  6  ,2,,3,,4,,7,,8,,9,  9  9784
9  6  ,2,,3,,4,,7,,8,,9,  8  12532
2  6  ,2,,3,,4,,7,,8,,10,  10  20654
3  6  ,2,,3,,4,,7,,8,,10,  10  19918
4  6  ,2,,3,,4,,7,,8,,10,  10  17433
7  6  ,2,,3,,4,,7,,8,,10,  10  18045
8  6  ,2,,3,,4,,7,,8,,10,  10  21668
10  6  ,2,,3,,4,,7,,8,,10,  8  16496
2  6  ,2,,3,,4,,7,,9,,10,  10  20482
3  6  ,2,,3,,4,,7,,9,,10,  10  19746
4  6  ,2,,3,,4,,7,,9,,10,  10  17261
7  6  ,2,,3,,4,,7,,9,,10,  10  21737
9  6  ,2,,3,,4,,7,,9,,10,  10  24244
10  6  ,2,,3,,4,,7,,9,,10,  9  16324
2  6  ,2,,3,,4,,8,,9,,10,  10  16246
3  6  ,2,,3,,4,,8,,9,,10,  10  15510
4  6  ,2,,3,,4,,8,,9,,10,  10  15207
8  6  ,2,,3,,4,,8,,9,,10,  10  17168
9  6  ,2,,3,,4,,8,,9,,10,  10  16052
10  6  ,2,,3,,4,,8,,9,,10,  9  12088
2  6  ,2,,3,,5,,6,,7,,8,  8  19618
3  6  ,2,,3,,5,,6,,7,,8,  8  13164
5  6  ,2,,3,,5,,6,,7,,8,  8  19068
6  6  ,2,,3,,5,,6,,7,,8,  8  22436
7  6  ,2,,3,,5,,6,,7,,8,  8  19251
8  6  ,2,,3,,5,,6,,7,,8,  7  13260
2  6  ,2,,3,,5,,6,,7,,9,  9  15622
3  6  ,2,,3,,5,,6,,7,,9,  9  10912
5  6  ,2,,3,,5,,6,,7,,9,  9  16808
6  6  ,2,,3,,5,,6,,7,,9,  9  17384
7  6  ,2,,3,,5,,6,,7,,9,  9  14199
9  6  ,2,,3,,5,,6,,7,,9,  7  10512
2  6  ,2,,3,,5,,6,,7,,10,  10  22590
3  6  ,2,,3,,5,,6,,7,,10,  10  18252
5  6  ,2,,3,,5,,6,,7,,10,  10  20060
6  6  ,2,,3,,5,,6,,7,,10,  10  25380
7  6  ,2,,3,,5,,6,,7,,10,  10  22195
10  6  ,2,,3,,5,,6,,7,,10,  7  18432
2  6  ,2,,3,,5,,6,,8,,9,  9  21000
3  6  ,2,,3,,5,,6,,8,,9,  9  16290
5  6  ,2,,3,,5,,6,,8,,9,  9  22186
6  6  ,2,,3,,5,,6,,8,,9,  9  16886
8  6  ,2,,3,,5,,6,,8,,9,  9  13586
9  6  ,2,,3,,5,,6,,8,,9,  8  15890
2  6  ,2,,3,,5,,6,,8,,10,  10  24012
3  6  ,2,,3,,5,,6,,8,,10,  10  19674
5  6  ,2,,3,,5,,6,,8,,10,  10  21482
6  6  ,2,,3,,5,,6,,8,,10,  10  20926
8  6  ,2,,3,,5,,6,,8,,10,  10  17626
10  6  ,2,,3,,5,,6,,8,,10,  8  19854
2  6  ,2,,3,,5,,6,,9,,10,  10  24284
3  6  ,2,,3,,5,,6,,9,,10,  10  19946
5  6  ,2,,3,,5,,6,,9,,10,  10  21754
6  6  ,2,,3,,5,,6,,9,,10,  10  23990
9  6  ,2,,3,,5,,6,,9,,10,  10  20202
10  6  ,2,,3,,5,,6,,9,,10,  9  20126
2  6  ,2,,3,,5,,7,,8,,9,  9  19422
3  6  ,2,,3,,5,,7,,8,,9,  9  14712
5  6  ,2,,3,,5,,7,,8,,9,  9  17108
7  6  ,2,,3,,5,,7,,8,,9,  9  11679
8  6  ,2,,3,,5,,7,,8,,9,  9  11564
9  6  ,2,,3,,5,,7,,8,,9,  8  14312
2  6  ,2,,3,,5,,7,,8,,10,  10  22434
3  6  ,2,,3,,5,,7,,8,,10,  10  18096
5  6  ,2,,3,,5,,7,,8,,10,  10  16404
7  6  ,2,,3,,5,,7,,8,,10,  10  23563
8  6  ,2,,3,,5,,7,,8,,10,  10  23448
10  6  ,2,,3,,5,,7,,8,,10,  8  18276
2  6  ,2,,3,,5,,7,,9,,10,  10  22262
3  6  ,2,,3,,5,,7,,9,,10,  10  17924
5  6  ,2,,3,,5,,7,,9,,10,  10  16232
7  6  ,2,,3,,5,,7,,9,,10,  10  26627
9  6  ,2,,3,,5,,7,,9,,10,  10  26024
10  6  ,2,,3,,5,,7,,9,,10,  9  18104
2  6  ,2,,3,,5,,8,,9,,10,  10  21764
3  6  ,2,,3,,5,,8,,9,,10,  10  17426
5  6  ,2,,3,,5,,8,,9,,10,  10  14178
8  6  ,2,,3,,5,,8,,9,,10,  10  22058
9  6  ,2,,3,,5,,8,,9,,10,  10  21570
10  6  ,2,,3,,5,,8,,9,,10,  9  17606
2  6  ,2,,3,,6,,7,,8,,9,  9  19602
3  6  ,2,,3,,6,,7,,8,,9,  9  11912
6  6  ,2,,3,,6,,7,,8,,9,  9  17864
7  6  ,2,,3,,6,,7,,8,,9,  9  17735
8  6  ,2,,3,,6,,7,,8,,9,  9  11744
9  6  ,2,,3,,6,,7,,8,,9,  8  14492
2  6  ,2,,3,,6,,7,,8,,10,  10  22614
3  6  ,2,,3,,6,,7,,8,,10,  10  15296
6  6  ,2,,3,,6,,7,,8,,10,  10  21904
7  6  ,2,,3,,6,,7,,8,,10,  10  29619
8  6  ,2,,3,,6,,7,,8,,10,  10  23628
10  6  ,2,,3,,6,,7,,8,,10,  8  18456
2  6  ,2,,3,,6,,7,,9,,10,  10  22442
3  6  ,2,,3,,6,,7,,9,,10,  10  15124
6  6  ,2,,3,,6,,7,,9,,10,  10  21732
7  6  ,2,,3,,6,,7,,9,,10,  10  29891
9  6  ,2,,3,,6,,7,,9,,10,  10  26204
10  6  ,2,,3,,6,,7,,9,,10,  9  18284
2  6  ,2,,3,,6,,8,,9,,10,  10  27820
3  6  ,2,,3,,6,,8,,9,,10,  10  20502
6  6  ,2,,3,,6,,8,,9,,10,  10  19678
8  6  ,2,,3,,6,,8,,9,,10,  10  25322
9  6  ,2,,3,,6,,8,,9,,10,  10  27626
10  6  ,2,,3,,6,,8,,9,,10,  9  23662
2  6  ,2,,3,,7,,8,,9,,10,  10  22742
3  6  ,2,,3,,7,,8,,9,,10,  10  18178
7  6  ,2,,3,,7,,8,,9,,10,  10  22315
8  6  ,2,,3,,7,,8,,9,,10,  10  19800
9  6  ,2,,3,,7,,8,,9,,10,  10  22548
10  6  ,2,,3,,7,,8,,9,,10,  9  18584
2  6  ,2,,4,,5,,6,,7,,8,  8  23998
4  6  ,2,,4,,5,,6,,7,,8,  8  11893
5  6  ,2,,4,,5,,6,,7,,8,  8  24148
6  6  ,2,,4,,5,,6,,7,,8,  8  26368
7  6  ,2,,4,,5,,6,,7,,8,  8  23183
8  6  ,2,,4,,5,,6,,7,,8,  7  17192
2  6  ,2,,4,,5,,6,,7,,9,  9  20002
4  6  ,2,,4,,5,,6,,7,,9,  9  10261
5  6  ,2,,4,,5,,6,,7,,9,  9  21888
6  6  ,2,,4,,5,,6,,7,,9,  9  21316
7  6  ,2,,4,,5,,6,,7,,9,  9  18131
9  6  ,2,,4,,5,,6,,7,,9,  7  14444
2  6  ,2,,4,,5,,6,,7,,10,  10  26970
4  6  ,2,,4,,5,,6,,7,,10,  10  18885
5  6  ,2,,4,,5,,6,,7,,10,  10  25140
6  6  ,2,,4,,5,,6,,7,,10,  10  29312
7  6  ,2,,4,,5,,6,,7,,10,  10  26127
10  6  ,2,,4,,5,,6,,7,,10,  7  22364
2  6  ,2,,4,,5,,6,,8,,9,  9  25380
4  6  ,2,,4,,5,,6,,8,,9,  9  15639
5  6  ,2,,4,,5,,6,,8,,9,  9  27266
6  6  ,2,,4,,5,,6,,8,,9,  9  20818
8  6  ,2,,4,,5,,6,,8,,9,  9  17518
9  6  ,2,,4,,5,,6,,8,,9,  8  19822
2  6  ,2,,4,,5,,6,,8,,10,  10  28392
4  6  ,2,,4,,5,,6,,8,,10,  10  20307
5  6  ,2,,4,,5,,6,,8,,10,  10  26562
6  6  ,2,,4,,5,,6,,8,,10,  10  24858
8  6  ,2,,4,,5,,6,,8,,10,  10  21558
10  6  ,2,,4,,5,,6,,8,,10,  8  23786
2  6  ,2,,4,,5,,6,,9,,10,  10  28664
4  6  ,2,,4,,5,,6,,9,,10,  10  20579
5  6  ,2,,4,,5,,6,,9,,10,  10  26834
6  6  ,2,,4,,5,,6,,9,,10,  10  27922
9  6  ,2,,4,,5,,6,,9,,10,  10  24134
10  6  ,2,,4,,5,,6,,9,,10,  9  24058
2  6  ,2,,4,,5,,7,,8,,9,  9  23802
4  6  ,2,,4,,5,,7,,8,,9,  9  14061
5  6  ,2,,4,,5,,7,,8,,9,  9  20226
7  6  ,2,,4,,5,,7,,8,,9,  9  15611
8  6  ,2,,4,,5,,7,,8,,9,  9  15496
9  6  ,2,,4,,5,,7,,8,,9,  8  18244
2  6  ,2,,4,,5,,7,,8,,10,  10  26814
4  6  ,2,,4,,5,,7,,8,,10,  10  18729
5  6  ,2,,4,,5,,7,,8,,10,  10  19522
7  6  ,2,,4,,5,,7,,8,,10,  10  27495
8  6  ,2,,4,,5,,7,,8,,10,  10  27380
10  6  ,2,,4,,5,,7,,8,,10,  8  22208
2  6  ,2,,4,,5,,7,,9,,10,  10  26642
4  6  ,2,,4,,5,,7,,9,,10,  10  18557
5  6  ,2,,4,,5,,7,,9,,10,  10  19350
7  6  ,2,,4,,5,,7,,9,,10,  10  30559
9  6  ,2,,4,,5,,7,,9,,10,  10  29956
10  6  ,2,,4,,5,,7,,9,,10,  9  22036
2  6  ,2,,4,,5,,8,,9,,10,  10  26144
4  6  ,2,,4,,5,,8,,9,,10,  10  18059
5  6  ,2,,4,,5,,8,,9,,10,  10  15114
8  6  ,2,,4,,5,,8,,9,,10,  10  25990
9  6  ,2,,4,,5,,8,,9,,10,  10  25502
10  6  ,2,,4,,5,,8,,9,,10,  9  21538
2  6  ,2,,4,,6,,7,,8,,9,  9  25130
4  6  ,2,,4,,6,,7,,8,,9,  9  11261
6  6  ,2,,4,,6,,7,,8,,9,  9  20982
7  6  ,2,,4,,6,,7,,8,,9,  9  22815
8  6  ,2,,4,,6,,7,,8,,9,  9  16824
9  6  ,2,,4,,6,,7,,8,,9,  8  19572
2  6  ,2,,4,,6,,7,,8,,10,  10  28142
4  6  ,2,,4,,6,,7,,8,,10,  10  15929
6  6  ,2,,4,,6,,7,,8,,10,  10  25022
7  6  ,2,,4,,6,,7,,8,,10,  10  34699
8  6  ,2,,4,,6,,7,,8,,10,  10  28708
10  6  ,2,,4,,6,,7,,8,,10,  8  23536
2  6  ,2,,4,,6,,7,,9,,10,  10  27970
4  6  ,2,,4,,6,,7,,9,,10,  10  15757
6  6  ,2,,4,,6,,7,,9,,10,  10  24850
7  6  ,2,,4,,6,,7,,9,,10,  10  34971
9  6  ,2,,4,,6,,7,,9,,10,  10  31284
10  6  ,2,,4,,6,,7,,9,,10,  9  23364
2  6  ,2,,4,,6,,8,,9,,10,  10  33348
4  6  ,2,,4,,6,,8,,9,,10,  10  21135
6  6  ,2,,4,,6,,8,,9,,10,  10  20614
8  6  ,2,,4,,6,,8,,9,,10,  10  30402
9  6  ,2,,4,,6,,8,,9,,10,  10  32706
10  6  ,2,,4,,6,,8,,9,,10,  9  28742
2  6  ,2,,4,,7,,8,,9,,10,  10  26308
4  6  ,2,,4,,7,,8,,9,,10,  10  18811
7  6  ,2,,4,,7,,8,,9,,10,  10  23251
8  6  ,2,,4,,7,,8,,9,,10,  10  22918
9  6  ,2,,4,,7,,8,,9,,10,  10  25666
10  6  ,2,,4,,7,,8,,9,,10,  9  21702
2  6  ,2,,5,,6,,7,,8,,9,  9  15894
5  6  ,2,,5,,6,,7,,8,,9,  9  15604
6  6  ,2,,5,,6,,7,,8,,9,  9  19160
7  6  ,2,,5,,6,,7,,8,,9,  9  15531
8  6  ,2,,5,,6,,7,,8,,9,  9  9540
9  6  ,2,,5,,6,,7,,8,,9,  8  12288
2  6  ,2,,5,,6,,7,,8,,10,  10  18906
5  6  ,2,,5,,6,,7,,8,,10,  10  14900
6  6  ,2,,5,,6,,7,,8,,10,  10  23200
7  6  ,2,,5,,6,,7,,8,,10,  10  27415
8  6  ,2,,5,,6,,7,,8,,10,  10  21424
10  6  ,2,,5,,6,,7,,8,,10,  8  16252
2  6  ,2,,5,,6,,7,,9,,10,  10  18734
5  6  ,2,,5,,6,,7,,9,,10,  10  14728
6  6  ,2,,5,,6,,7,,9,,10,  10  23028
7  6  ,2,,5,,6,,7,,9,,10,  10  27687
9  6  ,2,,5,,6,,7,,9,,10,  10  24000
10  6  ,2,,5,,6,,7,,9,,10,  9  16080
2  6  ,2,,5,,6,,8,,9,,10,  10  24112
5  6  ,2,,5,,6,,8,,9,,10,  10  20106
6  6  ,2,,5,,6,,8,,9,,10,  10  22530
8  6  ,2,,5,,6,,8,,9,,10,  10  23118
9  6  ,2,,5,,6,,8,,9,,10,  10  25422
10  6  ,2,,5,,6,,8,,9,,10,  9  21458
2  6  ,2,,5,,7,,8,,9,,10,  10  22534
5  6  ,2,,5,,7,,8,,9,,10,  10  17782
7  6  ,2,,5,,7,,8,,9,,10,  10  25167
8  6  ,2,,5,,7,,8,,9,,10,  10  21096
9  6  ,2,,5,,7,,8,,9,,10,  10  23844
10  6  ,2,,5,,7,,8,,9,,10,  9  19880
2  6  ,2,,6,,7,,8,,9,,10,  10  21590
6  6  ,2,,6,,7,,8,,9,,10,  10  23282
7  6  ,2,,6,,7,,8,,9,,10,  10  28243
8  6  ,2,,6,,7,,8,,9,,10,  10  18296
9  6  ,2,,6,,7,,8,,9,,10,  10  21044
10  6  ,2,,6,,7,,8,,9,,10,  9  17080
3  6  ,3,,4,,5,,6,,7,,8,  8  19488
4  6  ,3,,4,,5,,6,,7,,8,  8  13837
5  6  ,3,,4,,5,,6,,7,,8,  8  22490
6  6  ,3,,4,,5,,6,,7,,8,  8  24710
7  6  ,3,,4,,5,,6,,7,,8,  8  21525
8  6  ,3,,4,,5,,6,,7,,8,  7  15534
3  6  ,3,,4,,5,,6,,7,,9,  9  17236
4  6  ,3,,4,,5,,6,,7,,9,  9  12205
5  6  ,3,,4,,5,,6,,7,,9,  9  20230
6  6  ,3,,4,,5,,6,,7,,9,  9  19658
7  6  ,3,,4,,5,,6,,7,,9,  9  16473
9  6  ,3,,4,,5,,6,,7,,9,  7  12786
3  6  ,3,,4,,5,,6,,7,,10,  10  24576
4  6  ,3,,4,,5,,6,,7,,10,  10  20829
5  6  ,3,,4,,5,,6,,7,,10,  10  23482
6  6  ,3,,4,,5,,6,,7,,10,  10  27654
7  6  ,3,,4,,5,,6,,7,,10,  10  24469
10  6  ,3,,4,,5,,6,,7,,10,  7  20706
3  6  ,3,,4,,5,,6,,8,,9,  9  22614
4  6  ,3,,4,,5,,6,,8,,9,  9  17583
5  6  ,3,,4,,5,,6,,8,,9,  9  25608
6  6  ,3,,4,,5,,6,,8,,9,  9  19160
8  6  ,3,,4,,5,,6,,8,,9,  9  15860
9  6  ,3,,4,,5,,6,,8,,9,  8  18164
3  6  ,3,,4,,5,,6,,8,,10,  10  25998
4  6  ,3,,4,,5,,6,,8,,10,  10  22251
5  6  ,3,,4,,5,,6,,8,,10,  10  24904
6  6  ,3,,4,,5,,6,,8,,10,  10  23200
8  6  ,3,,4,,5,,6,,8,,10,  10  19900
10  6  ,3,,4,,5,,6,,8,,10,  8  22128
3  6  ,3,,4,,5,,6,,9,,10,  10  26270
4  6  ,3,,4,,5,,6,,9,,10,  10  22523
5  6  ,3,,4,,5,,6,,9,,10,  10  25176
6  6  ,3,,4,,5,,6,,9,,10,  10  26264
9  6  ,3,,4,,5,,6,,9,,10,  10  22476
10  6  ,3,,4,,5,,6,,9,,10,  9  22400
3  6  ,3,,4,,5,,7,,8,,9,  9  21036
4  6  ,3,,4,,5,,7,,8,,9,  9  16005
5  6  ,3,,4,,5,,7,,8,,9,  9  18568
7  6  ,3,,4,,5,,7,,8,,9,  9  13953
8  6  ,3,,4,,5,,7,,8,,9,  9  13838
9  6  ,3,,4,,5,,7,,8,,9,  8  16586
3  6  ,3,,4,,5,,7,,8,,10,  10  24420
4  6  ,3,,4,,5,,7,,8,,10,  10  20673
5  6  ,3,,4,,5,,7,,8,,10,  10  17864
7  6  ,3,,4,,5,,7,,8,,10,  10  25837
8  6  ,3,,4,,5,,7,,8,,10,  10  25722
10  6  ,3,,4,,5,,7,,8,,10,  8  20550
3  6  ,3,,4,,5,,7,,9,,10,  10  24248
4  6  ,3,,4,,5,,7,,9,,10,  10  20501
5  6  ,3,,4,,5,,7,,9,,10,  10  17692
7  6  ,3,,4,,5,,7,,9,,10,  10  28901
9  6  ,3,,4,,5,,7,,9,,10,  10  28298
10  6  ,3,,4,,5,,7,,9,,10,  9  20378
3  6  ,3,,4,,5,,8,,9,,10,  10  23750
4  6  ,3,,4,,5,,8,,9,,10,  10  20003
5  6  ,3,,4,,5,,8,,9,,10,  10  13456
8  6  ,3,,4,,5,,8,,9,,10,  10  24332
9  6  ,3,,4,,5,,8,,9,,10,  10  23844
10  6  ,3,,4,,5,,8,,9,,10,  9  19880
3  6  ,3,,4,,6,,7,,8,,9,  9  22364
4  6  ,3,,4,,6,,7,,8,,9,  9  16185
6  6  ,3,,4,,6,,7,,8,,9,  9  19324
7  6  ,3,,4,,6,,7,,8,,9,  9  21157
8  6  ,3,,4,,6,,7,,8,,9,  9  15166
9  6  ,3,,4,,6,,7,,8,,9,  8  17914
3  6  ,3,,4,,6,,7,,8,,10,  10  25748
4  6  ,3,,4,,6,,7,,8,,10,  10  20853
6  6  ,3,,4,,6,,7,,8,,10,  10  23364
7  6  ,3,,4,,6,,7,,8,,10,  10  33041
8  6  ,3,,4,,6,,7,,8,,10,  10  27050
10  6  ,3,,4,,6,,7,,8,,10,  8  21878
3  6  ,3,,4,,6,,7,,9,,10,  10  25576
4  6  ,3,,4,,6,,7,,9,,10,  10  20681
6  6  ,3,,4,,6,,7,,9,,10,  10  23192
7  6  ,3,,4,,6,,7,,9,,10,  10  33313
9  6  ,3,,4,,6,,7,,9,,10,  10  29626
10  6  ,3,,4,,6,,7,,9,,10,  9  21706
3  6  ,3,,4,,6,,8,,9,,10,  10  30954
4  6  ,3,,4,,6,,8,,9,,10,  10  26059
6  6  ,3,,4,,6,,8,,9,,10,  10  18956
8  6  ,3,,4,,6,,8,,9,,10,  10  28744
9  6  ,3,,4,,6,,8,,9,,10,  10  31048
10  6  ,3,,4,,6,,8,,9,,10,  9  27084
3  6  ,3,,4,,7,,8,,9,,10,  10  23914
4  6  ,3,,4,,7,,8,,9,,10,  10  20981
7  6  ,3,,4,,7,,8,,9,,10,  10  21593
8  6  ,3,,4,,7,,8,,9,,10,  10  21260
9  6  ,3,,4,,7,,8,,9,,10,  10  24008
10  6  ,3,,4,,7,,8,,9,,10,  9  20044
3  6  ,3,,5,,6,,7,,8,,9,  9  13128
5  6  ,3,,5,,6,,7,,8,,9,  9  20528
6  6  ,3,,5,,6,,7,,8,,9,  9  21104
7  6  ,3,,5,,6,,7,,8,,9,  9  17475
8  6  ,3,,5,,6,,7,,8,,9,  9  11484
9  6  ,3,,5,,6,,7,,8,,9,  8  14232
3  6  ,3,,5,,6,,7,,8,,10,  10  16512
5  6  ,3,,5,,6,,7,,8,,10,  10  19824
6  6  ,3,,5,,6,,7,,8,,10,  10  25144
7  6  ,3,,5,,6,,7,,8,,10,  10  29359
8  6  ,3,,5,,6,,7,,8,,10,  10  23368
10  6  ,3,,5,,6,,7,,8,,10,  8  18196
3  6  ,3,,5,,6,,7,,9,,10,  10  16340
5  6  ,3,,5,,6,,7,,9,,10,  10  19652
6  6  ,3,,5,,6,,7,,9,,10,  10  24972
7  6  ,3,,5,,6,,7,,9,,10,  10  29631
9  6  ,3,,5,,6,,7,,9,,10,  10  25944
10  6  ,3,,5,,6,,7,,9,,10,  9  18024
3  6  ,3,,5,,6,,8,,9,,10,  10  21718
5  6  ,3,,5,,6,,8,,9,,10,  10  25030
6  6  ,3,,5,,6,,8,,9,,10,  10  24474
8  6  ,3,,5,,6,,8,,9,,10,  10  25062
9  6  ,3,,5,,6,,8,,9,,10,  10  27366
10  6  ,3,,5,,6,,8,,9,,10,  9  23402
3  6  ,3,,5,,7,,8,,9,,10,  10  20140
5  6  ,3,,5,,7,,8,,9,,10,  10  19952
7  6  ,3,,5,,7,,8,,9,,10,  10  27111
8  6  ,3,,5,,7,,8,,9,,10,  10  23040
9  6  ,3,,5,,7,,8,,9,,10,  10  25788
10  6  ,3,,5,,7,,8,,9,,10,  9  21824
3  6  ,3,,6,,7,,8,,9,,10,  10  19196
6  6  ,3,,6,,7,,8,,9,,10,  10  25452
7  6  ,3,,6,,7,,8,,9,,10,  10  33167
8  6  ,3,,6,,7,,8,,9,,10,  10  23220
9  6  ,3,,6,,7,,8,,9,,10,  10  25968
10  6  ,3,,6,,7,,8,,9,,10,  9  22004
4  6  ,4,,5,,6,,7,,8,,9,  9  12477
5  6  ,4,,5,,6,,7,,8,,9,  9  26056
6  6  ,4,,5,,6,,7,,8,,9,  9  25484
7  6  ,4,,5,,6,,7,,8,,9,  9  21855
8  6  ,4,,5,,6,,7,,8,,9,  9  15864
9  6  ,4,,5,,6,,7,,8,,9,  8  18612
4  6  ,4,,5,,6,,7,,8,,10,  10  17145
5  6  ,4,,5,,6,,7,,8,,10,  10  25352
6  6  ,4,,5,,6,,7,,8,,10,  10  29524
7  6  ,4,,5,,6,,7,,8,,10,  10  33739
8  6  ,4,,5,,6,,7,,8,,10,  10  27748
10  6  ,4,,5,,6,,7,,8,,10,  8  22576
4  6  ,4,,5,,6,,7,,9,,10,  10  16973
5  6  ,4,,5,,6,,7,,9,,10,  10  25180
6  6  ,4,,5,,6,,7,,9,,10,  10  29352
7  6  ,4,,5,,6,,7,,9,,10,  10  34011
9  6  ,4,,5,,6,,7,,9,,10,  10  30324
10  6  ,4,,5,,6,,7,,9,,10,  9  22404
4  6  ,4,,5,,6,,8,,9,,10,  10  22351
5  6  ,4,,5,,6,,8,,9,,10,  10  30558
6  6  ,4,,5,,6,,8,,9,,10,  10  28854
8  6  ,4,,5,,6,,8,,9,,10,  10  29442
9  6  ,4,,5,,6,,8,,9,,10,  10  31746
10  6  ,4,,5,,6,,8,,9,,10,  9  27782
4  6  ,4,,5,,7,,8,,9,,10,  10  20773
5  6  ,4,,5,,7,,8,,9,,10,  10  23518
7  6  ,4,,5,,7,,8,,9,,10,  10  31491
8  6  ,4,,5,,7,,8,,9,,10,  10  27420
9  6  ,4,,5,,7,,8,,9,,10,  10  30168
10  6  ,4,,5,,7,,8,,9,,10,  9  26204
4  6  ,4,,6,,7,,8,,9,,10,  10  19829
6  6  ,4,,6,,7,,8,,9,,10,  10  29018
7  6  ,4,,6,,7,,8,,9,,10,  10  38695
8  6  ,4,,6,,7,,8,,9,,10,  10  28748
9  6  ,4,,6,,7,,8,,9,,10,  10  31496
10  6  ,4,,6,,7,,8,,9,,10,  9  27532
5  6  ,5,,6,,7,,8,,9,,10,  10  18800
6  6  ,5,,6,,7,,8,,9,,10,  10  25244
7  6  ,5,,6,,7,,8,,9,,10,  10  29459
8  6  ,5,,6,,7,,8,,9,,10,  10  19512
9  6  ,5,,6,,7,,8,,9,,10,  10  22260
10  6  ,5,,6,,7,,8,,9,,10,  9  18296
2  7  ,2,,3,,4,,5,,6,,7,,8,  8  21824
3  7  ,2,,3,,4,,5,,6,,7,,8,  8  18972
4  7  ,2,,3,,4,,5,,6,,7,,8,  8  13769
5  7  ,2,,3,,4,,5,,6,,7,,8,  8  22422
6  7  ,2,,3,,4,,5,,6,,7,,8,  8  24642
7  7  ,2,,3,,4,,5,,6,,7,,8,  8  21457
8  7  ,2,,3,,4,,5,,6,,7,,8,  7  15466
2  7  ,2,,3,,4,,5,,6,,7,,9,  9  17828
3  7  ,2,,3,,4,,5,,6,,7,,9,  9  16720
4  7  ,2,,3,,4,,5,,6,,7,,9,  9  12137
5  7  ,2,,3,,4,,5,,6,,7,,9,  9  20162
6  7  ,2,,3,,4,,5,,6,,7,,9,  9  19590
7  7  ,2,,3,,4,,5,,6,,7,,9,  9  16405
9  7  ,2,,3,,4,,5,,6,,7,,9,  7  12718
2  7  ,2,,3,,4,,5,,6,,7,,10,  10  24796
3  7  ,2,,3,,4,,5,,6,,7,,10,  10  24060
4  7  ,2,,3,,4,,5,,6,,7,,10,  10  20761
5  7  ,2,,3,,4,,5,,6,,7,,10,  10  23414
6  7  ,2,,3,,4,,5,,6,,7,,10,  10  27586
7  7  ,2,,3,,4,,5,,6,,7,,10,  10  24401
10  7  ,2,,3,,4,,5,,6,,7,,10,  7  20638
2  7  ,2,,3,,4,,5,,6,,8,,9,  9  23206
3  7  ,2,,3,,4,,5,,6,,8,,9,  9  22098
4  7  ,2,,3,,4,,5,,6,,8,,9,  9  17515
5  7  ,2,,3,,4,,5,,6,,8,,9,  9  25540
6  7  ,2,,3,,4,,5,,6,,8,,9,  9  19092
8  7  ,2,,3,,4,,5,,6,,8,,9,  9  15792
9  7  ,2,,3,,4,,5,,6,,8,,9,  8  18096
2  7  ,2,,3,,4,,5,,6,,8,,10,  10  26218
3  7  ,2,,3,,4,,5,,6,,8,,10,  10  25482
4  7  ,2,,3,,4,,5,,6,,8,,10,  10  22183
5  7  ,2,,3,,4,,5,,6,,8,,10,  10  24836
6  7  ,2,,3,,4,,5,,6,,8,,10,  10  23132
8  7  ,2,,3,,4,,5,,6,,8,,10,  10  19832
10  7  ,2,,3,,4,,5,,6,,8,,10,  8  22060
2  7  ,2,,3,,4,,5,,6,,9,,10,  10  26490
3  7  ,2,,3,,4,,5,,6,,9,,10,  10  25754
4  7  ,2,,3,,4,,5,,6,,9,,10,  10  22455
5  7  ,2,,3,,4,,5,,6,,9,,10,  10  25108
6  7  ,2,,3,,4,,5,,6,,9,,10,  10  26196
9  7  ,2,,3,,4,,5,,6,,9,,10,  10  22408
10  7  ,2,,3,,4,,5,,6,,9,,10,  9  22332
2  7  ,2,,3,,4,,5,,7,,8,,9,  9  21628
3  7  ,2,,3,,4,,5,,7,,8,,9,  9  20520
4  7  ,2,,3,,4,,5,,7,,8,,9,  9  15937
5  7  ,2,,3,,4,,5,,7,,8,,9,  9  18500
7  7  ,2,,3,,4,,5,,7,,8,,9,  9  13885
8  7  ,2,,3,,4,,5,,7,,8,,9,  9  13770
9  7  ,2,,3,,4,,5,,7,,8,,9,  8  16518
2  7  ,2,,3,,4,,5,,7,,8,,10,  10  24640
3  7  ,2,,3,,4,,5,,7,,8,,10,  10  23904
4  7  ,2,,3,,4,,5,,7,,8,,10,  10  20605
5  7  ,2,,3,,4,,5,,7,,8,,10,  10  17796
7  7  ,2,,3,,4,,5,,7,,8,,10,  10  25769
8  7  ,2,,3,,4,,5,,7,,8,,10,  10  25654
10  7  ,2,,3,,4,,5,,7,,8,,10,  8  20482
2  7  ,2,,3,,4,,5,,7,,9,,10,  10  24468
3  7  ,2,,3,,4,,5,,7,,9,,10,  10  23732
4  7  ,2,,3,,4,,5,,7,,9,,10,  10  20433
5  7  ,2,,3,,4,,5,,7,,9,,10,  10  17624
7  7  ,2,,3,,4,,5,,7,,9,,10,  10  28833
9  7  ,2,,3,,4,,5,,7,,9,,10,  10  28230
10  7  ,2,,3,,4,,5,,7,,9,,10,  9  20310
2  7  ,2,,3,,4,,5,,8,,9,,10,  10  23970
3  7  ,2,,3,,4,,5,,8,,9,,10,  10  23234
4  7  ,2,,3,,4,,5,,8,,9,,10,  10  19935
5  7  ,2,,3,,4,,5,,8,,9,,10,  10  13388
8  7  ,2,,3,,4,,5,,8,,9,,10,  10  24264
9  7  ,2,,3,,4,,5,,8,,9,,10,  10  23776
10  7  ,2,,3,,4,,5,,8,,9,,10,  9  19812
2  7  ,2,,3,,4,,6,,7,,8,,9,  9  22956
3  7  ,2,,3,,4,,6,,7,,8,,9,  9  21848
4  7  ,2,,3,,4,,6,,7,,8,,9,  9  16117
6  7  ,2,,3,,4,,6,,7,,8,,9,  9  19256
7  7  ,2,,3,,4,,6,,7,,8,,9,  9  21089
8  7  ,2,,3,,4,,6,,7,,8,,9,  9  15098
9  7  ,2,,3,,4,,6,,7,,8,,9,  8  17846
2  7  ,2,,3,,4,,6,,7,,8,,10,  10  25968
3  7  ,2,,3,,4,,6,,7,,8,,10,  10  25232
4  7  ,2,,3,,4,,6,,7,,8,,10,  10  20785
6  7  ,2,,3,,4,,6,,7,,8,,10,  10  23296
7  7  ,2,,3,,4,,6,,7,,8,,10,  10  32973
8  7  ,2,,3,,4,,6,,7,,8,,10,  10  26982
10  7  ,2,,3,,4,,6,,7,,8,,10,  8  21810
2  7  ,2,,3,,4,,6,,7,,9,,10,  10  25796
3  7  ,2,,3,,4,,6,,7,,9,,10,  10  25060
4  7  ,2,,3,,4,,6,,7,,9,,10,  10  20613
6  7  ,2,,3,,4,,6,,7,,9,,10,  10  23124
7  7  ,2,,3,,4,,6,,7,,9,,10,  10  33245
9  7  ,2,,3,,4,,6,,7,,9,,10,  10  29558
10  7  ,2,,3,,4,,6,,7,,9,,10,  9  21638
2  7  ,2,,3,,4,,6,,8,,9,,10,  10  31174
3  7  ,2,,3,,4,,6,,8,,9,,10,  10  30438
4  7  ,2,,3,,4,,6,,8,,9,,10,  10  25991
6  7  ,2,,3,,4,,6,,8,,9,,10,  10  18888
8  7  ,2,,3,,4,,6,,8,,9,,10,  10  28676
9  7  ,2,,3,,4,,6,,8,,9,,10,  10  30980
10  7  ,2,,3,,4,,6,,8,,9,,10,  9  27016
2  7  ,2,,3,,4,,7,,8,,9,,10,  10  24134
3  7  ,2,,3,,4,,7,,8,,9,,10,  10  23398
4  7  ,2,,3,,4,,7,,8,,9,,10,  10  20913
7  7  ,2,,3,,4,,7,,8,,9,,10,  10  21525
8  7  ,2,,3,,4,,7,,8,,9,,10,  10  21192
9  7  ,2,,3,,4,,7,,8,,9,,10,  10  23940
10  7  ,2,,3,,4,,7,,8,,9,,10,  9  19976
2  7  ,2,,3,,5,,6,,7,,8,,9,  9  19274
3  7  ,2,,3,,5,,6,,7,,8,,9,  9  14564
5  7  ,2,,3,,5,,6,,7,,8,,9,  9  20460
6  7  ,2,,3,,5,,6,,7,,8,,9,  9  21036
7  7  ,2,,3,,5,,6,,7,,8,,9,  9  17407
8  7  ,2,,3,,5,,6,,7,,8,,9,  9  11416
9  7  ,2,,3,,5,,6,,7,,8,,9,  8  14164
2  7  ,2,,3,,5,,6,,7,,8,,10,  10  22286
3  7  ,2,,3,,5,,6,,7,,8,,10,  10  17948
5  7  ,2,,3,,5,,6,,7,,8,,10,  10  19756
6  7  ,2,,3,,5,,6,,7,,8,,10,  10  25076
7  7  ,2,,3,,5,,6,,7,,8,,10,  10  29291
8  7  ,2,,3,,5,,6,,7,,8,,10,  10  23300
10  7  ,2,,3,,5,,6,,7,,8,,10,  8  18128
2  7  ,2,,3,,5,,6,,7,,9,,10,  10  22114
3  7  ,2,,3,,5,,6,,7,,9,,10,  10  17776
5  7  ,2,,3,,5,,6,,7,,9,,10,  10  19584
6  7  ,2,,3,,5,,6,,7,,9,,10,  10  24904
7  7  ,2,,3,,5,,6,,7,,9,,10,  10  29563
9  7  ,2,,3,,5,,6,,7,,9,,10,  10  25876
10  7  ,2,,3,,5,,6,,7,,9,,10,  9  17956
2  7  ,2,,3,,5,,6,,8,,9,,10,  10  27492
3  7  ,2,,3,,5,,6,,8,,9,,10,  10  23154
5  7  ,2,,3,,5,,6,,8,,9,,10,  10  24962
6  7  ,2,,3,,5,,6,,8,,9,,10,  10  24406
8  7  ,2,,3,,5,,6,,8,,9,,10,  10  24994
9  7  ,2,,3,,5,,6,,8,,9,,10,  10  27298
10  7  ,2,,3,,5,,6,,8,,9,,10,  9  23334
2  7  ,2,,3,,5,,7,,8,,9,,10,  10  25914
3  7  ,2,,3,,5,,7,,8,,9,,10,  10  21576
5  7  ,2,,3,,5,,7,,8,,9,,10,  10  19884
7  7  ,2,,3,,5,,7,,8,,9,,10,  10  27043
8  7  ,2,,3,,5,,7,,8,,9,,10,  10  22972
9  7  ,2,,3,,5,,7,,8,,9,,10,  10  25720
10  7  ,2,,3,,5,,7,,8,,9,,10,  9  21756
2  7  ,2,,3,,6,,7,,8,,9,,10,  10  26094
3  7  ,2,,3,,6,,7,,8,,9,,10,  10  18776
6  7  ,2,,3,,6,,7,,8,,9,,10,  10  25384
7  7  ,2,,3,,6,,7,,8,,9,,10,  10  33099
8  7  ,2,,3,,6,,7,,8,,9,,10,  10  23152
9  7  ,2,,3,,6,,7,,8,,9,,10,  10  25900
10  7  ,2,,3,,6,,7,,8,,9,,10,  9  21936
2  7  ,2,,4,,5,,6,,7,,8,,9,  9  23654
4  7  ,2,,4,,5,,6,,7,,8,,9,  9  13913
5  7  ,2,,4,,5,,6,,7,,8,,9,  9  25540
6  7  ,2,,4,,5,,6,,7,,8,,9,  9  24968
7  7  ,2,,4,,5,,6,,7,,8,,9,  9  21339
8  7  ,2,,4,,5,,6,,7,,8,,9,  9  15348
9  7  ,2,,4,,5,,6,,7,,8,,9,  8  18096
2  7  ,2,,4,,5,,6,,7,,8,,10,  10  26666
4  7  ,2,,4,,5,,6,,7,,8,,10,  10  18581
5  7  ,2,,4,,5,,6,,7,,8,,10,  10  24836
6  7  ,2,,4,,5,,6,,7,,8,,10,  10  29008
7  7  ,2,,4,,5,,6,,7,,8,,10,  10  33223
8  7  ,2,,4,,5,,6,,7,,8,,10,  10  27232
10  7  ,2,,4,,5,,6,,7,,8,,10,  8  22060
2  7  ,2,,4,,5,,6,,7,,9,,10,  10  26494
4  7  ,2,,4,,5,,6,,7,,9,,10,  10  18409
5  7  ,2,,4,,5,,6,,7,,9,,10,  10  24664
6  7  ,2,,4,,5,,6,,7,,9,,10,  10  28836
7  7  ,2,,4,,5,,6,,7,,9,,10,  10  33495
9  7  ,2,,4,,5,,6,,7,,9,,10,  10  29808
10  7  ,2,,4,,5,,6,,7,,9,,10,  9  21888
2  7  ,2,,4,,5,,6,,8,,9,,10,  10  31872
4  7  ,2,,4,,5,,6,,8,,9,,10,  10  23787
5  7  ,2,,4,,5,,6,,8,,9,,10,  10  30042
6  7  ,2,,4,,5,,6,,8,,9,,10,  10  28338
8  7  ,2,,4,,5,,6,,8,,9,,10,  10  28926
9  7  ,2,,4,,5,,6,,8,,9,,10,  10  31230
10  7  ,2,,4,,5,,6,,8,,9,,10,  9  27266
2  7  ,2,,4,,5,,7,,8,,9,,10,  10  30294
4  7  ,2,,4,,5,,7,,8,,9,,10,  10  22209
5  7  ,2,,4,,5,,7,,8,,9,,10,  10  23002
7  7  ,2,,4,,5,,7,,8,,9,,10,  10  30975
8  7  ,2,,4,,5,,7,,8,,9,,10,  10  26904
9  7  ,2,,4,,5,,7,,8,,9,,10,  10  29652
10  7  ,2,,4,,5,,7,,8,,9,,10,  9  25688
2  7  ,2,,4,,6,,7,,8,,9,,10,  10  31622
4  7  ,2,,4,,6,,7,,8,,9,,10,  10  19409
6  7  ,2,,4,,6,,7,,8,,9,,10,  10  28502
7  7  ,2,,4,,6,,7,,8,,9,,10,  10  38179
8  7  ,2,,4,,6,,7,,8,,9,,10,  10  28232
9  7  ,2,,4,,6,,7,,8,,9,,10,  10  30980
10  7  ,2,,4,,6,,7,,8,,9,,10,  9  27016
2  7  ,2,,5,,6,,7,,8,,9,,10,  10  22386
5  7  ,2,,5,,6,,7,,8,,9,,10,  10  18380
6  7  ,2,,5,,6,,7,,8,,9,,10,  10  26680
7  7  ,2,,5,,6,,7,,8,,9,,10,  10  30895
8  7  ,2,,5,,6,,7,,8,,9,,10,  10  20948
9  7  ,2,,5,,6,,7,,8,,9,,10,  10  23696
10  7  ,2,,5,,6,,7,,8,,9,,10,  9  19732
3  7  ,3,,4,,5,,6,,7,,8,,9,  9  20888
4  7  ,3,,4,,5,,6,,7,,8,,9,  9  15857
5  7  ,3,,4,,5,,6,,7,,8,,9,  9  23882
6  7  ,3,,4,,5,,6,,7,,8,,9,  9  23310
7  7  ,3,,4,,5,,6,,7,,8,,9,  9  19681
8  7  ,3,,4,,5,,6,,7,,8,,9,  9  13690
9  7  ,3,,4,,5,,6,,7,,8,,9,  8  16438
3  7  ,3,,4,,5,,6,,7,,8,,10,  10  24272
4  7  ,3,,4,,5,,6,,7,,8,,10,  10  20525
5  7  ,3,,4,,5,,6,,7,,8,,10,  10  23178
6  7  ,3,,4,,5,,6,,7,,8,,10,  10  27350
7  7  ,3,,4,,5,,6,,7,,8,,10,  10  31565
8  7  ,3,,4,,5,,6,,7,,8,,10,  10  25574
10  7  ,3,,4,,5,,6,,7,,8,,10,  8  20402
3  7  ,3,,4,,5,,6,,7,,9,,10,  10  24100
4  7  ,3,,4,,5,,6,,7,,9,,10,  10  20353
5  7  ,3,,4,,5,,6,,7,,9,,10,  10  23006
6  7  ,3,,4,,5,,6,,7,,9,,10,  10  27178
7  7  ,3,,4,,5,,6,,7,,9,,10,  10  31837
9  7  ,3,,4,,5,,6,,7,,9,,10,  10  28150
10  7  ,3,,4,,5,,6,,7,,9,,10,  9  20230
3  7  ,3,,4,,5,,6,,8,,9,,10,  10  29478
4  7  ,3,,4,,5,,6,,8,,9,,10,  10  25731
5  7  ,3,,4,,5,,6,,8,,9,,10,  10  28384
6  7  ,3,,4,,5,,6,,8,,9,,10,  10  26680
8  7  ,3,,4,,5,,6,,8,,9,,10,  10  27268
9  7  ,3,,4,,5,,6,,8,,9,,10,  10  29572
10  7  ,3,,4,,5,,6,,8,,9,,10,  9  25608
3  7  ,3,,4,,5,,7,,8,,9,,10,  10  27900
4  7  ,3,,4,,5,,7,,8,,9,,10,  10  24153
5  7  ,3,,4,,5,,7,,8,,9,,10,  10  21344
7  7  ,3,,4,,5,,7,,8,,9,,10,  10  29317
8  7  ,3,,4,,5,,7,,8,,9,,10,  10  25246
9  7  ,3,,4,,5,,7,,8,,9,,10,  10  27994
10  7  ,3,,4,,5,,7,,8,,9,,10,  9  24030
3  7  ,3,,4,,6,,7,,8,,9,,10,  10  29228
4  7  ,3,,4,,6,,7,,8,,9,,10,  10  24333
6  7  ,3,,4,,6,,7,,8,,9,,10,  10  26844
7  7  ,3,,4,,6,,7,,8,,9,,10,  10  36521
8  7  ,3,,4,,6,,7,,8,,9,,10,  10  26574
9  7  ,3,,4,,6,,7,,8,,9,,10,  10  29322
10  7  ,3,,4,,6,,7,,8,,9,,10,  9  25358
3  7  ,3,,5,,6,,7,,8,,9,,10,  10  19992
5  7  ,3,,5,,6,,7,,8,,9,,10,  10  23304
6  7  ,3,,5,,6,,7,,8,,9,,10,  10  28624
7  7  ,3,,5,,6,,7,,8,,9,,10,  10  32839
8  7  ,3,,5,,6,,7,,8,,9,,10,  10  22892
9  7  ,3,,5,,6,,7,,8,,9,,10,  10  25640
10  7  ,3,,5,,6,,7,,8,,9,,10,  9  21676
4  7  ,4,,5,,6,,7,,8,,9,,10,  10  20625
5  7  ,4,,5,,6,,7,,8,,9,,10,  10  28832
6  7  ,4,,5,,6,,7,,8,,9,,10,  10  33004
7  7  ,4,,5,,6,,7,,8,,9,,10,  10  37219
8  7  ,4,,5,,6,,7,,8,,9,,10,  10  27272
9  7  ,4,,5,,6,,7,,8,,9,,10,  10  30020
10  7  ,4,,5,,6,,7,,8,,9,,10,  9  26056
2  8  ,2,,3,,4,,5,,6,,7,,8,,9,  9  21480
3  8  ,2,,3,,4,,5,,6,,7,,8,,9,  9  20372
4  8  ,2,,3,,4,,5,,6,,7,,8,,9,  9  15789
5  8  ,2,,3,,4,,5,,6,,7,,8,,9,  9  23814
6  8  ,2,,3,,4,,5,,6,,7,,8,,9,  9  23242
7  8  ,2,,3,,4,,5,,6,,7,,8,,9,  9  19613
8  8  ,2,,3,,4,,5,,6,,7,,8,,9,  9  13622
9  8  ,2,,3,,4,,5,,6,,7,,8,,9,  8  16370
2  8  ,2,,3,,4,,5,,6,,7,,8,,10,  10  24492
3  8  ,2,,3,,4,,5,,6,,7,,8,,10,  10  23756
4  8  ,2,,3,,4,,5,,6,,7,,8,,10,  10  20457
5  8  ,2,,3,,4,,5,,6,,7,,8,,10,  10  23110
6  8  ,2,,3,,4,,5,,6,,7,,8,,10,  10  27282
7  8  ,2,,3,,4,,5,,6,,7,,8,,10,  10  31497
8  8  ,2,,3,,4,,5,,6,,7,,8,,10,  10  25506
10  8  ,2,,3,,4,,5,,6,,7,,8,,10,  8  20334
2  8  ,2,,3,,4,,5,,6,,7,,9,,10,  10  24320
3  8  ,2,,3,,4,,5,,6,,7,,9,,10,  10  23584
4  8  ,2,,3,,4,,5,,6,,7,,9,,10,  10  20285
5  8  ,2,,3,,4,,5,,6,,7,,9,,10,  10  22938
6  8  ,2,,3,,4,,5,,6,,7,,9,,10,  10  27110
7  8  ,2,,3,,4,,5,,6,,7,,9,,10,  10  31769
9  8  ,2,,3,,4,,5,,6,,7,,9,,10,  10  28082
10  8  ,2,,3,,4,,5,,6,,7,,9,,10,  9  20162
2  8  ,2,,3,,4,,5,,6,,8,,9,,10,  10  29698
3  8  ,2,,3,,4,,5,,6,,8,,9,,10,  10  28962
4  8  ,2,,3,,4,,5,,6,,8,,9,,10,  10  25663
5  8  ,2,,3,,4,,5,,6,,8,,9,,10,  10  28316
6  8  ,2,,3,,4,,5,,6,,8,,9,,10,  10  26612
8  8  ,2,,3,,4,,5,,6,,8,,9,,10,  10  27200
9  8  ,2,,3,,4,,5,,6,,8,,9,,10,  10  29504
10  8  ,2,,3,,4,,5,,6,,8,,9,,10,  9  25540
2  8  ,2,,3,,4,,5,,7,,8,,9,,10,  10  28120
3  8  ,2,,3,,4,,5,,7,,8,,9,,10,  10  27384
4  8  ,2,,3,,4,,5,,7,,8,,9,,10,  10  24085
5  8  ,2,,3,,4,,5,,7,,8,,9,,10,  10  21276
7  8  ,2,,3,,4,,5,,7,,8,,9,,10,  10  29249
8  8  ,2,,3,,4,,5,,7,,8,,9,,10,  10  25178
9  8  ,2,,3,,4,,5,,7,,8,,9,,10,  10  27926
10  8  ,2,,3,,4,,5,,7,,8,,9,,10,  9  23962
2  8  ,2,,3,,4,,6,,7,,8,,9,,10,  10  29448
3  8  ,2,,3,,4,,6,,7,,8,,9,,10,  10  28712
4  8  ,2,,3,,4,,6,,7,,8,,9,,10,  10  24265
6  8  ,2,,3,,4,,6,,7,,8,,9,,10,  10  26776
7  8  ,2,,3,,4,,6,,7,,8,,9,,10,  10  36453
8  8  ,2,,3,,4,,6,,7,,8,,9,,10,  10  26506
9  8  ,2,,3,,4,,6,,7,,8,,9,,10,  10  29254
10  8  ,2,,3,,4,,6,,7,,8,,9,,10,  9  25290
2  8  ,2,,3,,5,,6,,7,,8,,9,,10,  10  25766
3  8  ,2,,3,,5,,6,,7,,8,,9,,10,  10  21428
5  8  ,2,,3,,5,,6,,7,,8,,9,,10,  10  23236
6  8  ,2,,3,,5,,6,,7,,8,,9,,10,  10  28556
7  8  ,2,,3,,5,,6,,7,,8,,9,,10,  10  32771
8  8  ,2,,3,,5,,6,,7,,8,,9,,10,  10  22824
9  8  ,2,,3,,5,,6,,7,,8,,9,,10,  10  25572
10  8  ,2,,3,,5,,6,,7,,8,,9,,10,  9  21608
2  8  ,2,,4,,5,,6,,7,,8,,9,,10,  10  30146
4  8  ,2,,4,,5,,6,,7,,8,,9,,10,  10  22061
5  8  ,2,,4,,5,,6,,7,,8,,9,,10,  10  28316
6  8  ,2,,4,,5,,6,,7,,8,,9,,10,  10  32488
7  8  ,2,,4,,5,,6,,7,,8,,9,,10,  10  36703
8  8  ,2,,4,,5,,6,,7,,8,,9,,10,  10  26756
9  8  ,2,,4,,5,,6,,7,,8,,9,,10,  10  29504
10  8  ,2,,4,,5,,6,,7,,8,,9,,10,  9  25540
3  8  ,3,,4,,5,,6,,7,,8,,9,,10,  10  27752
4  8  ,3,,4,,5,,6,,7,,8,,9,,10,  10  24005
5  8  ,3,,4,,5,,6,,7,,8,,9,,10,  10  26658
6  8  ,3,,4,,5,,6,,7,,8,,9,,10,  10  30830
7  8  ,3,,4,,5,,6,,7,,8,,9,,10,  10  35045
8  8  ,3,,4,,5,,6,,7,,8,,9,,10,  10  25098
9  8  ,3,,4,,5,,6,,7,,8,,9,,10,  10  27846
10  8  ,3,,4,,5,,6,,7,,8,,9,,10,  9  23882
2  9  ,2,,3,,4,,5,,6,,7,,8,,9,,10,  10  27972
3  9  ,2,,3,,4,,5,,6,,7,,8,,9,,10,  10  27236
4  9  ,2,,3,,4,,5,,6,,7,,8,,9,,10,  10  23937
5  9  ,2,,3,,4,,5,,6,,7,,8,,9,,10,  10  26590
6  9  ,2,,3,,4,,5,,6,,7,,8,,9,,10,  10  30762
7  9  ,2,,3,,4,,5,,6,,7,,8,,9,,10,  10  34977
8  9  ,2,,3,,4,,5,,6,,7,,8,,9,,10,  10  25030
9  9  ,2,,3,,4,,5,,6,,7,,8,,9,,10,  10  27778
10  9  ,2,,3,,4,,5,,6,,7,,8,,9,,10,  9  23814
Computation Time: 0.011070.

